frame_index	MSD_A2
0 0.0000000000
1 0.0000000007
2 0.0000000111
3 0.0000000570
4 0.0000001832
5 0.0000004587
6 0.0000009811
7 0.0000018854
8 0.0000033606
9 0.0000056731
10 0.0000091965
11 0.0000144538
12 0.0000221850
13 0.0000334491
14 0.0000498037
15 0.0000735439
16 0.0001080902
17 0.0001586065
18 0.0002330896
19 0.0003440459
20 0.0005114487
21 0.0007675137
22 0.0011649395
23 0.0017909651
24 0.0027901633
25 0.0044001953
26 0.0070005184
27 0.0111594331
28 0.0176243540
29 0.0271477995
30 0.0400778611
31 0.0559222606
32 0.0733461287
33 0.0907620729
34 0.1069171407
35 0.1211027553
36 0.1330883730
37 0.1429432993
38 0.1508761842
39 0.1571322820
40 0.1619454926
41 0.1655284551
42 0.1680667318
43 0.1697187559
44 0.1706170432
45 0.1708714536
46 0.1705728111
47 0.1697964409
48 0.1686041436
49 0.1670477204
50 0.1651703861
51 0.1630087782
52 0.1605940134
53 0.1579521163
54 0.1551052888
55 0.1520719123
56 0.1488682336
57 0.1455079060
58 0.1420019489
59 0.1383597509
60 0.1345888309
61 0.1306959815
62 0.1266875096
63 0.1225696719
64 0.1183487030
65 0.1140304140
66 0.1096199992
67 0.1051221247
68 0.1005413835
69 0.0958831851
70 0.0911552159
71 0.0863698680
72 0.0815529007
73 0.0767496498
74 0.0720180703
75 0.0674223594
76 0.0630258051
77 0.0588853939
78 0.0550473861
79 0.0515452917
80 0.0483980541
81 0.0456087053
82 0.0431657028
83 0.0410468995
84 0.0392242732
85 0.0376665982
86 0.0363421296
87 0.0352203725
88 0.0342732515
89 0.0334757982
90 0.0328062543
91 0.0322460594
92 0.0317795448
93 0.0313937923
94 0.0310781459
95 0.0308242307
96 0.0306253609
97 0.0304771233
98 0.0303775940
99 0.0303278956
100 0.0303323951
101 0.0303992162
102 0.0305398030
103 0.0307682856
104 0.0311000851
105 0.0315509132
106 0.0321350598
107 0.0328647142
108 0.0337490464
109 0.0347937453
110 0.0360009648
111 0.0373696943
112 0.0388960097
113 0.0405738115
114 0.0423951479
115 0.0443507557
116 0.0464289623
117 0.0486158407
118 0.0508939442
119 0.0532428911
120 0.0556389422
121 0.0580563788
122 0.0604676555
123 0.0628449297
124 0.0651604053
125 0.0673876282
126 0.0695019756
127 0.0714815459
128 0.0733074296
129 0.0749648781
130 0.0764435845
131 0.0777387285
132 0.0788506989
133 0.0797848946
134 0.0805512646
135 0.0811619901
136 0.0816322989
137 0.0819804337
138 0.0822240224
139 0.0823794107
140 0.0824606750
141 0.0824798115
142 0.0824465455
143 0.0823693590
144 0.0822560362
145 0.0821146948
146 0.0819534607
147 0.0817809473
148 0.0816056570
149 0.0814367776
150 0.0812839070
151 0.0811580881
152 0.0810704897
153 0.0810312368
154 0.0810480049
155 0.0811250278
156 0.0812628212
157 0.0814580240
158 0.0817045803
159 0.0819937072
160 0.0823147020
161 0.0826547463
162 0.0829998014
163 0.0833351853
164 0.0836469491
165 0.0839225646
166 0.0841520653
167 0.0843281029
168 0.0844464654
169 0.0845063721
170 0.0845096762
171 0.0844593805
172 0.0843578251
173 0.0842052939
174 0.0839994412
175 0.0837355226
176 0.0834075482
177 0.0830093385
178 0.0825363012
179 0.0819857944
180 0.0813576145
181 0.0806539964
182 0.0798793496
183 0.0790390713
184 0.0781393568
185 0.0771860204
186 0.0761841421
187 0.0751366433
188 0.0740435628
189 0.0729001166
190 0.0716964020
191 0.0704201263
192 0.0690601518
193 0.0676125341
194 0.0660853479
195 0.0645028412
196 0.0629032739
197 0.0613320128
198 0.0598360135
199 0.0584591077
200 0.0572394321
201 0.0562086473
202 0.0553914419
203 0.0548056801
204 0.0544619231
205 0.0543630466
206 0.0545039803
207 0.0548716891
208 0.0554461164
209 0.0562010157
210 0.0571059025
211 0.0581279718
212 0.0592338647
213 0.0603915541
214 0.0615720571
215 0.0627506092
216 0.0639072198
217 0.0650267167
218 0.0660978992
219 0.0671131790
220 0.0680669740
221 0.0689570069
222 0.0697832385
223 0.0705468674
224 0.0712500011
225 0.0718951071
226 0.0724846969
227 0.0730220414
228 0.0735103976
229 0.0739541757
230 0.0743568383
231 0.0747223475
232 0.0750533025
233 0.0753516913
234 0.0756178229
235 0.0758512017
236 0.0760499238
237 0.0762111464
238 0.0763303660
239 0.0764029446
240 0.0764233223
241 0.0763864750
242 0.0762889675
243 0.0761306811
244 0.0759156723
245 0.0756534036
246 0.0753584353
247 0.0750503856
248 0.0747523328
249 0.0744891478
250 0.0742850067
251 0.0741613203
252 0.0741355146
253 0.0742208155
254 0.0744265037
255 0.0747577573
256 0.0752151146
257 0.0757940491
258 0.0764855996
259 0.0772760641
260 0.0781485632
261 0.0790836776
262 0.0800616181
263 0.0810631419
264 0.0820715186
265 0.0830726277
266 0.0840566251
267 0.0850171012
268 0.0859516944
269 0.0868613548
270 0.0877498365
271 0.0886229657
272 0.0894880785
273 0.0903532634
274 0.0912265311
275 0.0921151154
276 0.0930248146
277 0.0939592560
278 0.0949194028
279 0.0959037079
280 0.0969083827
281 0.0979273131
282 0.0989522590
283 0.0999732351
284 0.1009797136
285 0.1019605354
286 0.1029055297
287 0.1038056381
288 0.1046541803
289 0.1054465684
290 0.1061808327
291 0.1068569875
292 0.1074759884
293 0.1080392967
294 0.1085471996
295 0.1089992928
296 0.1093939896
297 0.1097296607
298 0.1100055815
299 0.1102226518
300 0.1103837382
301 0.1104937039
302 0.1105588870
303 0.1105868864
304 0.1105858576
305 0.1105640806
306 0.1105299934
307 0.1104912990
308 0.1104535864
309 0.1104189321
310 0.1103839848
311 0.1103391166
312 0.1102685631
313 0.1101516558
314 0.1099648785
315 0.1096843096
316 0.1092879168
317 0.1087570670
318 0.1080776450
319 0.1072415392
320 0.1062464875
321 0.1050958261
322 0.1037982821
323 0.1023679009
324 0.1008223734
325 0.0991818151
326 0.0974676350
327 0.0957016602
328 0.0939050261
329 0.0920977307
330 0.0902980569
331 0.0885225951
332 0.0867859747
333 0.0851007014
334 0.0834771342
335 0.0819238113
336 0.0804473234
337 0.0790531017
338 0.0777450276
339 0.0765263530
340 0.0753991781
341 0.0743651704
342 0.0734246858
343 0.0725778083
344 0.0718225266
345 0.0711558665
346 0.0705724603
347 0.0700661570
348 0.0696291212
349 0.0692535075
350 0.0689315633
351 0.0686569220
352 0.0684247177
353 0.0682326191
354 0.0680804614
355 0.0679709185
356 0.0679078577
357 0.0678973242
358 0.0679444936
359 0.0680550889
360 0.0682336299
361 0.0684842784
362 0.0688093918
363 0.0692112592
364 0.0696900143
365 0.0702463065
366 0.0708794492
367 0.0715889441
368 0.0723722221
369 0.0732260916
370 0.0741453503
371 0.0751236172
372 0.0761522306
373 0.0772211236
374 0.0783182939
375 0.0794315020
376 0.0805475196
377 0.0816536366
378 0.0827373999
379 0.0837880655
380 0.0847963947
381 0.0857557355
382 0.0866613169
383 0.0875116205
384 0.0883068068
385 0.0890495271
386 0.0897431038
387 0.0903924638
388 0.0910027200
389 0.0915798600
390 0.0921294072
391 0.0926575673
392 0.0931696743
393 0.0936710508
394 0.0941646905
395 0.0946521175
396 0.0951320818
397 0.0956015621
398 0.0960554680
399 0.0964882652
400 0.0968935695
401 0.0972660614
402 0.0976004339
403 0.0978932397
404 0.0981423045
405 0.0983478585
406 0.0985119084
407 0.0986382777
408 0.0987313198
409 0.0987958481
410 0.0988372615
411 0.0988620173
412 0.0988761657
413 0.0988852304
414 0.0988932476
415 0.0989036361
416 0.0989181091
417 0.0989381859
418 0.0989649740
419 0.0990005799
420 0.0990457070
421 0.0991017556
422 0.0991686762
423 0.0992460104
424 0.0993318610
425 0.0994241491
426 0.0995199717
427 0.0996168456
428 0.0997123490
429 0.0998046096
430 0.0998918796
431 0.0999723357
432 0.1000436012
433 0.1001024104
434 0.1001443228
435 0.1001635966
436 0.1001537816
437 0.1001081366
438 0.1000201408
439 0.0998835963
440 0.0996927922
441 0.0994427727
442 0.0991294568
443 0.0987502537
444 0.0983040081
445 0.0977920968
446 0.0972183062
447 0.0965898666
448 0.0959169819
449 0.0952130618
450 0.0944934614
451 0.0937747248
452 0.0930728582
453 0.0924023037
454 0.0917741723
455 0.0911957930
456 0.0906697519
457 0.0901955565
458 0.0897696384
459 0.0893877633
460 0.0890461414
461 0.0887429323
462 0.0884788284
463 0.0882571625
464 0.0880832315
465 0.0879639403
466 0.0879069513
467 0.0879210270
468 0.0880142572
469 0.0881952312
470 0.0884709496
471 0.0888480249
472 0.0893310766
473 0.0899232628
474 0.0906249350
475 0.0914344727
476 0.0923474447
477 0.0933572019
478 0.0944543893
479 0.0956280821
480 0.0968649620
481 0.0981508695
482 0.0994709072
483 0.1008102606
484 0.1021549419
485 0.1034921857
486 0.1048107698
487 0.1061008841
488 0.1073541221
489 0.1085630778
490 0.1097205233
491 0.1108192602
492 0.1118516738
493 0.1128096415
494 0.1136838982
495 0.1144648777
496 0.1151422639
497 0.1157062364
498 0.1161467938
499 0.1164557443
500 0.1166255039
501 0.1166521057
502 0.1165328044
503 0.1162686834
504 0.1158628174
505 0.1153217011
506 0.1146534722
507 0.1138696314
508 0.1129821770
509 0.1120057248
510 0.1109554437
511 0.1098482945
512 0.1087012648
513 0.1075311959
514 0.1063525364
515 0.1051765985
516 0.1040107259
517 0.1028584247
518 0.1017199538
519 0.1005937470
520 0.0994776091
521 0.0983698033
522 0.0972702123
523 0.0961810426
524 0.0951066028
525 0.0940537040
526 0.0930308687
527 0.0920474872
528 0.0911130762
529 0.0902362320
530 0.0894243038
531 0.0886829726
532 0.0880162890
533 0.0874266093
534 0.0869147880
535 0.0864802643
536 0.0861215299
537 0.0858361817
538 0.0856210809
539 0.0854731616
540 0.0853894721
541 0.0853674333
542 0.0854050114
543 0.0855004740
544 0.0856524199
545 0.0858593255
546 0.0861195679
547 0.0864311782
548 0.0867916381
549 0.0871979087
550 0.0876465660
551 0.0881341847
552 0.0886574097
553 0.0892125529
554 0.0897955600
555 0.0904019176
556 0.0910268537
557 0.0916651917
558 0.0923118490
559 0.0929612058
560 0.0936071972
561 0.0942436930
562 0.0948647372
563 0.0954649675
564 0.0960396980
565 0.0965852075
566 0.0970986435
567 0.0975782716
568 0.0980231303
569 0.0984333047
570 0.0988095100
571 0.0991532695
572 0.0994663884
573 0.0997510434
574 0.1000093098
575 0.1002432032
576 0.1004540628
577 0.1006432985
578 0.1008119676
579 0.1009609546
580 0.1010907616
581 0.1012012109
582 0.1012909689
583 0.1013587944
584 0.1014031968
585 0.1014237103
586 0.1014208938
587 0.1013980549
588 0.1013607485
589 0.1013174453
590 0.1012781093
591 0.1012538052
592 0.1012548352
593 0.1012901133
594 0.1013660563
595 0.1014861668
596 0.1016514557
597 0.1018610440
598 0.1021121095
599 0.1024001758
600 0.1027192714
601 0.1030615218
602 0.1034170580
603 0.1037743132
604 0.1041201126
605 0.1044402098
606 0.1047202245
607 0.1049466755
608 0.1051080663
609 0.1051955532
610 0.1052035926
611 0.1051292533
612 0.1049722448
613 0.1047346131
614 0.1044197428
615 0.1040327184
616 0.1035790598
617 0.1030651130
618 0.1024972246
619 0.1018820562
620 0.1012259488
621 0.1005354365
622 0.0998171900
623 0.0990783692
624 0.0983265233
625 0.0975694837
626 0.0968145843
627 0.0960684937
628 0.0953365332
629 0.0946218582
630 0.0939256010
631 0.0932467962
632 0.0925830425
633 0.0919310835
634 0.0912876207
635 0.0906497196
636 0.0900152020
637 0.0893826138
638 0.0887518479
639 0.0881231953
640 0.0874983576
641 0.0868792249
642 0.0862690128
643 0.0856706206
644 0.0850881364
645 0.0845253960
646 0.0839867934
647 0.0834762590
648 0.0829975846
649 0.0825533889
650 0.0821454550
651 0.0817741738
652 0.0814386107
653 0.0811368026
654 0.0808659044
655 0.0806222898
656 0.0804023900
657 0.0802021182
658 0.0800174250
659 0.0798438084
660 0.0796771504
661 0.0795130509
662 0.0793474796
663 0.0791771459
664 0.0789997160
665 0.0788135130
666 0.0786172106
667 0.0784095713
668 0.0781890250
669 0.0779543942
670 0.0777051284
671 0.0774422683
672 0.0771684191
673 0.0768876210
674 0.0766044070
675 0.0763235358
676 0.0760492708
677 0.0757856604
678 0.0755364881
679 0.0753058180
680 0.0750972647
681 0.0749148744
682 0.0747625440
683 0.0746447423
684 0.0745663689
685 0.0745335391
686 0.0745534783
687 0.0746351153
688 0.0747883835
689 0.0750241106
690 0.0753525722
691 0.0757829516
692 0.0763222265
693 0.0769749303
694 0.0777427561
695 0.0786251287
696 0.0796190228
697 0.0807202038
698 0.0819229341
699 0.0832207102
700 0.0846056082
701 0.0860682412
702 0.0875969215
703 0.0891781056
704 0.0907956917
705 0.0924326558
706 0.0940702336
707 0.0956901895
708 0.0972739250
709 0.0988040726
710 0.1002640706
711 0.1016393092
712 0.1029173657
713 0.1040894223
714 0.1051504803
715 0.1060998647
716 0.1069402249
717 0.1076771473
718 0.1083178680
719 0.1088704027
720 0.1093429844
721 0.1097439121
722 0.1100817422
723 0.1103654956
724 0.1106044808
725 0.1108083920
726 0.1109863784
727 0.1111468670
728 0.1112959632
729 0.1114372427
730 0.1115702116
731 0.1116912307
732 0.1117932992
733 0.1118680569
734 0.1119073928
735 0.1119054586
736 0.1118598584
737 0.1117724447
738 0.1116490498
739 0.1114985395
740 0.1113314249
741 0.1111582014
742 0.1109877533
743 0.1108260060
744 0.1106752032
745 0.1105339748
746 0.1103977693
747 0.1102598399
748 0.1101125764
749 0.1099484367
750 0.1097613112
751 0.1095465434
752 0.1093020907
753 0.1090276786
754 0.1087252142
755 0.1083976423
756 0.1080483210
757 0.1076798437
758 0.1072939887
759 0.1068911636
760 0.1064709644
761 0.1060317279
762 0.1055717782
763 0.1050891726
764 0.1045827982
765 0.1040519480
766 0.1034968054
767 0.1029178360
768 0.1023159677
769 0.1016920047
770 0.1010463169
771 0.1003781734
772 0.0996861865
773 0.0989682061
774 0.0982219864
775 0.0974454533
776 0.0966376988
777 0.0957987117
778 0.0949296036
779 0.0940317178
780 0.0931065531
781 0.0921549700
782 0.0911770648
783 0.0901719321
784 0.0891381323
785 0.0880734885
786 0.0869761863
787 0.0858445648
788 0.0846776806
789 0.0834754291
790 0.0822391822
791 0.0809718654
792 0.0796781124
793 0.0783647931
794 0.0770409478
795 0.0757175487
796 0.0744070630
797 0.0731226152
798 0.0718774927
799 0.0706841864
800 0.0695539406
801 0.0684959030
802 0.0675169654
803 0.0666211610
804 0.0658103363
805 0.0650841181
806 0.0644406603
807 0.0638771287
808 0.0633901487
809 0.0629759598
810 0.0626310710
811 0.0623521475
812 0.0621365619
813 0.0619822575
814 0.0618880984
815 0.0618538516
816 0.0618798427
817 0.0619668361
818 0.0621152130
819 0.0623245946
820 0.0625928343
821 0.0629157604
822 0.0632866814
823 0.0636966012
824 0.0641341379
825 0.0645864806
826 0.0650397911
827 0.0654806269
828 0.0658959097
829 0.0662739212
830 0.0666042987
831 0.0668788616
832 0.0670916734
833 0.0672396351
834 0.0673223986
835 0.0673421721
836 0.0673032685
837 0.0672117800
838 0.0670749632
839 0.0669006575
840 0.0666973230
841 0.0664737724
842 0.0662399167
843 0.0660067426
844 0.0657873352
845 0.0655962836
846 0.0654502744
847 0.0653665106
848 0.0653624443
849 0.0654540711
850 0.0656557964
851 0.0659778878
852 0.0664274071
853 0.0670068290
854 0.0677148729
855 0.0685461236
856 0.0694918114
857 0.0705401245
858 0.0716770481
859 0.0728868472
860 0.0741531759
861 0.0754598363
862 0.0767914844
863 0.0781336739
864 0.0794731599
865 0.0807975204
866 0.0820957404
867 0.0833577787
868 0.0845755535
869 0.0857424618
870 0.0868545603
871 0.0879092533
872 0.0889068096
873 0.0898482051
874 0.0907366286
875 0.0915752811
876 0.0923692512
877 0.0931234925
878 0.0938445859
879 0.0945385968
880 0.0952118609
881 0.0958699208
882 0.0965176535
883 0.0971583118
884 0.0977942788
885 0.0984263648
886 0.0990551317
887 0.0996808986
888 0.1003047714
889 0.1009291882
890 0.1015585552
891 0.1021989052
892 0.1028573353
893 0.1035404515
894 0.1042533100
895 0.1049979410
896 0.1057729258
897 0.1065726378
898 0.1073883600
899 0.1082079197
900 0.1090178950
901 0.1098032531
902 0.1105497183
903 0.1112439431
904 0.1118747956
905 0.1124334640
906 0.1129146832
907 0.1133158966
908 0.1136378284
909 0.1138831491
910 0.1140563364
911 0.1141619878
912 0.1142044959
913 0.1141865781
914 0.1141098137
915 0.1139742330
916 0.1137794896
917 0.1135248096
918 0.1132098346
919 0.1128347207
920 0.1124001120
921 0.1119075620
922 0.1113591199
923 0.1107580885
924 0.1101081661
925 0.1094141684
926 0.1086811525
927 0.1079148076
928 0.1071204698
929 0.1063033782
930 0.1054680198
931 0.1046182605
932 0.1037573016
933 0.1028876882
934 0.1020112448
935 0.1011293763
936 0.1002441443
937 0.0993575190
938 0.0984717451
939 0.0975887713
940 0.0967107372
941 0.0958397710
942 0.0949785371
943 0.0941301804
944 0.0932985604
945 0.0924877187
946 0.0917017481
947 0.0909441512
948 0.0902175173
949 0.0895228005
950 0.0888593398
951 0.0882245330
952 0.0876142422
953 0.0870231139
954 0.0864452127
955 0.0858742376
956 0.0853040719
957 0.0847290478
958 0.0841444569
959 0.0835470393
960 0.0829354215
961 0.0823102979
962 0.0816745881
963 0.0810332829
964 0.0803932577
965 0.0797626287
966 0.0791505516
967 0.0785661119
968 0.0780183354
969 0.0775153889
970 0.0770649024
971 0.0766733795
972 0.0763464021
973 0.0760881398
974 0.0759018552
975 0.0757895253
976 0.0757519681
977 0.0757888300
978 0.0758989353
979 0.0760801994
980 0.0763301601
981 0.0766456554
982 0.0770232599
983 0.0774589265
984 0.0779481323
985 0.0784858111
986 0.0790665264
987 0.0796839586
988 0.0803310457
989 0.0809995319
990 0.0816804696
991 0.0823641302
992 0.0830412034
993 0.0837027591
994 0.0843415222
995 0.0849519637
996 0.0855301880
997 0.0860741038
998 0.0865826586
999 0.0870559641
1000 0.0874943594
1001 0.0878989178
1002 0.0882703987
1003 0.0886103304
1004 0.0889197695
1005 0.0892009680
1006 0.0894557327
1007 0.0896874854
1008 0.0899002335
1009 0.0901007173
1010 0.0902969780
1011 0.0905005110
1012 0.0907243492
1013 0.0909849380
1014 0.0912999709
1015 0.0916892998
1016 0.0921728305
1017 0.0927701941
1018 0.0934982733
1019 0.0943709529
1020 0.0953971081
1021 0.0965798193
1022 0.0979150772
1023 0.0993924814
1024 0.1009943908
1025 0.1026981831
1026 0.1044756764
1027 0.1062963313
1028 0.1081268428
1029 0.1099342145
1030 0.1116868117
1031 0.1133558609
1032 0.1149164287
1033 0.1163485420
1034 0.1176372370
1035 0.1187722772
1036 0.1197472039
1037 0.1205588033
1038 0.1212065476
1039 0.1216914200
1040 0.1220163563
1041 0.1221849032
1042 0.1222026879
1043 0.1220759771
1044 0.1218134905
1045 0.1214247924
1046 0.1209223395
1047 0.1203195085
1048 0.1196324177
1049 0.1188777157
1050 0.1180731742
1051 0.1172357895
1052 0.1163817599
1053 0.1155245134
1054 0.1146757130
1055 0.1138440683
1056 0.1130367669
1057 0.1122586771
1058 0.1115129779
1059 0.1108008404
1060 0.1101225559
1061 0.1094776994
1062 0.1088663305
1063 0.1082894691
1064 0.1077493859
1065 0.1072490703
1066 0.1067917661
1067 0.1063796555
1068 0.1060136320
1069 0.1056928780
1070 0.1054146751
1071 0.1051740229
1072 0.1049643123
1073 0.1047772402
1074 0.1046034571
1075 0.1044328603
1076 0.1042561323
1077 0.1040646692
1078 0.1038519315
1079 0.1036124986
1080 0.1033427289
1081 0.1030400017
1082 0.1027033717
1083 0.1023329887
1084 0.1019306520
1085 0.1014991462
1086 0.1010423591
1087 0.1005648385
1088 0.1000717811
1089 0.0995686753
1090 0.0990611207
1091 0.0985548753
1092 0.0980555040
1093 0.0975686460
1094 0.0970998268
1095 0.0966543671
1096 0.0962370620
1097 0.0958519944
1098 0.0955021162
1099 0.0951893622
1100 0.0949143044
1101 0.0946764225
1102 0.0944740002
1103 0.0943048206
1104 0.0941663338
1105 0.0940561234
1106 0.0939719269
1107 0.0939119526
1108 0.0938747605
1109 0.0938592227
1110 0.0938635540
1111 0.0938849744
1112 0.0939192434
1113 0.0939607158
1114 0.0940024122
1115 0.0940368355
1116 0.0940568799
1117 0.0940561053
1118 0.0940290534
1119 0.0939715790
1120 0.0938809133
1121 0.0937560781
1122 0.0935978335
1123 0.0934088481
1124 0.0931935447
1125 0.0929578377
1126 0.0927087036
1127 0.0924531741
1128 0.0921978330
1129 0.0919485294
1130 0.0917114376
1131 0.0914939958
1132 0.0913056282
1133 0.0911575517
1134 0.0910624156
1135 0.0910325029
1136 0.0910787581
1137 0.0912089094
1138 0.0914271361
1139 0.0917337160
1140 0.0921255295
1141 0.0925965075
1142 0.0931382740
1143 0.0937405624
1144 0.0943917800
1145 0.0950795625
1146 0.0957905885
1147 0.0965115485
1148 0.0972292773
1149 0.0979320191
1150 0.0986095468
1151 0.0992542838
1152 0.0998603983
1153 0.1004244324
1154 0.1009435777
1155 0.1014165726
1156 0.1018427038
1157 0.1022228910
1158 0.1025589556
1159 0.1028544032
1160 0.1031132864
1161 0.1033406734
1162 0.1035416258
1163 0.1037210303
1164 0.1038827354
1165 0.1040294857
1166 0.1041622219
1167 0.1042806106
1168 0.1043821922
1169 0.1044642342
1170 0.1045230919
1171 0.1045561857
1172 0.1045606671
1173 0.1045354040
1174 0.1044795302
1175 0.1043936977
1176 0.1042791370
1177 0.1041382418
1178 0.1039739567
1179 0.1037904597
1180 0.1035924418
1181 0.1033859891
1182 0.1031776697
1183 0.1029754113
1184 0.1027866408
1185 0.1026192402
1186 0.1024800941
1187 0.1023753001
1188 0.1023087718
1189 0.1022831823
1190 0.1022983569
1191 0.1023520644
1192 0.1024388969
1193 0.1025511993
1194 0.1026782049
1195 0.1028072501
1196 0.1029237346
1197 0.1030126651
1198 0.1030590438
1199 0.1030499518
1200 0.1029747014
1201 0.1028267315
1202 0.1026026913
1203 0.1023029712
1204 0.1019307248
1205 0.1014913932
1206 0.1009917824
1207 0.1004397811
1208 0.0998441723
1209 0.0992145525
1210 0.0985607376
1211 0.0978927827
1212 0.0972200162
1213 0.0965509698
1214 0.0958928172
1215 0.0952516011
1216 0.0946321189
1217 0.0940379303
1218 0.0934715468
1219 0.0929349741
1220 0.0924296589
1221 0.0919568438
1222 0.0915172749
1223 0.0911108223
1224 0.0907363716
1225 0.0903910130
1226 0.0900704068
1227 0.0897689780
1228 0.0894806028
1229 0.0891989207
1230 0.0889181442
1231 0.0886333306
1232 0.0883402070
1233 0.0880350762
1234 0.0877142315
1235 0.0873741739
1236 0.0870115882
1237 0.0866240446
1238 0.0862099029
1239 0.0857692756
1240 0.0853035505
1241 0.0848161927
1242 0.0843114483
1243 0.0837946786
1244 0.0832709679
1245 0.0827454170
1246 0.0822223372
1247 0.0817060499
1248 0.0812000902
1249 0.0807082970
1250 0.0802341026
1251 0.0797815083
1252 0.0793543581
1253 0.0789570645
1254 0.0785939561
1255 0.0782693535
1256 0.0779868209
1257 0.0777486736
1258 0.0775556599
1259 0.0774071301
1260 0.0773008892
1261 0.0772339108
1262 0.0772031987
1263 0.0772066040
1264 0.0772437438
1265 0.0773165503
1266 0.0774296643
1267 0.0775896498
1268 0.0778046849
1269 0.0780826921
1270 0.0784304748
1271 0.0788517199
1272 0.0793467601
1273 0.0799113987
1274 0.0805373324
1275 0.0812122698
1276 0.0819216537
1277 0.0826492691
1278 0.0833789355
1279 0.0840950931
1280 0.0847838060
1281 0.0854331081
1282 0.0860337752
1283 0.0865794890
1284 0.0870674035
1285 0.0874978525
1286 0.0878740181
1287 0.0882020114
1288 0.0884892982
1289 0.0887443759
1290 0.0889755332
1291 0.0891904590
1292 0.0893953918
1293 0.0895953005
1294 0.0897931545
1295 0.0899906503
1296 0.0901878482
1297 0.0903837600
1298 0.0905765185
1299 0.0907640058
1300 0.0909439608
1301 0.0911145262
1302 0.0912739390
1303 0.0914206700
1304 0.0915531461
1305 0.0916695752
1306 0.0917679895
1307 0.0918466030
1308 0.0919042333
1309 0.0919408338
1310 0.0919583017
1311 0.0919607403
1312 0.0919547152
1313 0.0919490702
1314 0.0919544117
1315 0.0919822646
1316 0.0920440380
1317 0.0921500595
1318 0.0923084583
1319 0.0925247044
1320 0.0928011888
1321 0.0931376079
1322 0.0935312987
1323 0.0939779065
1324 0.0944714532
1325 0.0950049501
1326 0.0955703680
1327 0.0961590466
1328 0.0967613172
1329 0.0973667554
1330 0.0979642150
1331 0.0985420296
1332 0.0990879770
1333 0.0995895070
1334 0.1000339075
1335 0.1004087154
1336 0.1007022091
1337 0.1009043503
1338 0.1010076527
1339 0.1010077717
1340 0.1009044659
1341 0.1007017314
1342 0.1004081247
1343 0.1000359678
1344 0.0996004948
1345 0.0991191526
1346 0.0986097814
1347 0.0980899076
1348 0.0975752899
1349 0.0970792878
1350 0.0966120831
1351 0.0961806110
1352 0.0957888907
1353 0.0954381643
1354 0.0951273312
1355 0.0948539745
1356 0.0946148783
1357 0.0944068778
1358 0.0942275373
1359 0.0940753107
1360 0.0939505791
1361 0.0938567548
1362 0.0937983622
1363 0.0937805557
1364 0.0938081276
1365 0.0938844536
1366 0.0940108454
1367 0.0941857887
1368 0.0944049298
1369 0.0946611025
1370 0.0949447914
1371 0.0952446572
1372 0.0955481812
1373 0.0958425233
1374 0.0961150873
1375 0.0963548722
1376 0.0965533292
1377 0.0967058834
1378 0.0968127493
1379 0.0968792332
1380 0.0969155421
1381 0.0969349709
1382 0.0969525360
1383 0.0969825858
1384 0.0970373271
1385 0.0971258039
1386 0.0972534881
1387 0.0974221550
1388 0.0976304863
1389 0.0978741117
1390 0.0981463528
1391 0.0984381562
1392 0.0987396937
1393 0.0990402315
1394 0.0993295508
1395 0.0995976621
1396 0.0998358238
1397 0.1000358754
1398 0.1001906408
1399 0.1002930010
1400 0.1003363872
1401 0.1003142421
1402 0.1002208344
1403 0.1000509662
1404 0.0998010645
1405 0.0994692382
1406 0.0990566755
1407 0.0985676987
1408 0.0980102238
1409 0.0973943945
1410 0.0967320372
1411 0.0960344074
1412 0.0953119242
1413 0.0945731926
1414 0.0938255656
1415 0.0930750898
1416 0.0923274413
1417 0.0915878401
1418 0.0908616033
1419 0.0901540513
1420 0.0894704107
1421 0.0888151802
1422 0.0881919245
1423 0.0876028643
1424 0.0870487811
1425 0.0865290365
1426 0.0860416323
1427 0.0855832065
1428 0.0851490948
1429 0.0847334059
1430 0.0843288116
1431 0.0839269142
1432 0.0835180188
1433 0.0830926888
1434 0.0826414301
1435 0.0821568789
1436 0.0816336566
1437 0.0810699487
1438 0.0804666041
1439 0.0798274409
1440 0.0791578295
1441 0.0784645706
1442 0.0777555828
1443 0.0770402153
1444 0.0763295818
1445 0.0756366095
1446 0.0749756676
1447 0.0743616022
1448 0.0738081088
1449 0.0733259519
1450 0.0729215684
1451 0.0725964756
1452 0.0723471885
1453 0.0721658000
1454 0.0720417085
1455 0.0719632809
1456 0.0719191110
1457 0.0718993642
1458 0.0718962248
1459 0.0719046595
1460 0.0719216631
1461 0.0719468178
1462 0.0719812095
1463 0.0720277134
1464 0.0720899697
1465 0.0721724818
1466 0.0722796446
1467 0.0724159300
1468 0.0725850516
1469 0.0727902753
1470 0.0730332204
1471 0.0733144999
1472 0.0736323862
1473 0.0739836461
1474 0.0743627910
1475 0.0747631758
1476 0.0751764613
1477 0.0755943735
1478 0.0760084183
1479 0.0764118828
1480 0.0767995230
1481 0.0771691343
1482 0.0775204715
1483 0.0778558800
1484 0.0781785936
1485 0.0784923123
1486 0.0788000131
1487 0.0791032810
1488 0.0794016851
1489 0.0796929110
1490 0.0799730504
1491 0.0802377184
1492 0.0804830605
1493 0.0807063782
1494 0.0809069842
1495 0.0810860921
1496 0.0812468840
1497 0.0813938966
1498 0.0815328023
1499 0.0816693741
1500 0.0818094703
1501 0.0819584488
1502 0.0821210351
1503 0.0823008042
1504 0.0825006488
1505 0.0827223245
1506 0.0829667398
1507 0.0832335837
1508 0.0835219579
1509 0.0838298144
1510 0.0841550174
1511 0.0844944572
1512 0.0848454643
1513 0.0852053370
1514 0.0855725837
1515 0.0859467366
1516 0.0863289612
1517 0.0867217756
1518 0.0871291543
1519 0.0875561919
1520 0.0880091045
1521 0.0884945564
1522 0.0890195075
1523 0.0895903151
1524 0.0902126570
1525 0.0908904708
1526 0.0916256883
1527 0.0924177962
1528 0.0932642299
1529 0.0941599436
1530 0.0950983997
1531 0.0960716565
1532 0.0970702232
1533 0.0980830295
1534 0.0990970129
1535 0.1000971797
1536 0.1010660627
1537 0.1019840399
1538 0.1028294696
1539 0.1035795750
1540 0.1042115229
1541 0.1047038647
1542 0.1050374561
1543 0.1051969263
1544 0.1051707253
1545 0.1049518629
1546 0.1045385078
1547 0.1039339976
1548 0.1031470964
1549 0.1021912959
1550 0.1010835452
1551 0.0998428145
1552 0.0984886253
1553 0.0970401586
1554 0.0955160141
1555 0.0939341023
1556 0.0923123481
1557 0.0906695088
1558 0.0890259281
1559 0.0874031643
1560 0.0858233810
1561 0.0843083833
1562 0.0828782761
1563 0.0815502711
1564 0.0803377404
1565 0.0792497785
1566 0.0782908401
1567 0.0774613207
1568 0.0767577922
1569 0.0761737912
1570 0.0757005635
1571 0.0753277817
1572 0.0750441445
1573 0.0748377002
1574 0.0746968166
1575 0.0746103000
1576 0.0745679039
1577 0.0745606706
1578 0.0745810299
1579 0.0746229719
1580 0.0746819720
1581 0.0747548849
1582 0.0748398270
1583 0.0749360520
1584 0.0750437922
1585 0.0751640426
1586 0.0752983314
1587 0.0754485727
1588 0.0756169490
1589 0.0758060414
1590 0.0760190671
1591 0.0762602906
1592 0.0765350275
1593 0.0768498915
1594 0.0772123256
1595 0.0776303628
1596 0.0781115442
1597 0.0786622494
1598 0.0792870207
1599 0.0799879442
1600 0.0807644812
1601 0.0816135971
1602 0.0825304880
1603 0.0835087398
1604 0.0845409759
1605 0.0856189646
1606 0.0867339882
1607 0.0878772823
1608 0.0890402761
1609 0.0902142883
1610 0.0913912483
1611 0.0925632357
1612 0.0937231712
1613 0.0948646166
1614 0.0959822113
1615 0.0970718065
1616 0.0981312469
1617 0.0991601686
1618 0.1001603599
1619 0.1011348793
1620 0.1020875252
1621 0.1030225883
1622 0.1039436906
1623 0.1048530152
1624 0.1057509670
1625 0.1066353019
1626 0.1075019033
1627 0.1083443210
1628 0.1091553475
1629 0.1099271778
1630 0.1106531565
1631 0.1113273872
1632 0.1119461520
1633 0.1125066725
1634 0.1130086953
1635 0.1134523341
1636 0.1138394454
1637 0.1141710468
1638 0.1144488991
1639 0.1146732385
1640 0.1148439107
1641 0.1149594793
1642 0.1150180728
1643 0.1150167586
1644 0.1149527172
1645 0.1148233075
1646 0.1146273238
1647 0.1143652245
1648 0.1140394115
1649 0.1136542828
1650 0.1132163631
1651 0.1127340476
1652 0.1122169605
1653 0.1116751411
1654 0.1111186227
1655 0.1105568593
1656 0.1099985852
1657 0.1094517308
1658 0.1089237502
1659 0.1084216807
1660 0.1079524040
1661 0.1075218211
1662 0.1071349481
1663 0.1067948507
1664 0.1065024569
1665 0.1062561028
1666 0.1060518003
1667 0.1058831262
1668 0.1057422174
1669 0.1056198544
1670 0.1055066563
1671 0.1053929507
1672 0.1052700885
1673 0.1051299842
1674 0.1049663771
1675 0.1047739939
1676 0.1045493060
1677 0.1042893701
1678 0.1039922297
1679 0.1036559653
1680 0.1032795703
1681 0.1028618335
1682 0.1024026071
1683 0.1019020134
1684 0.1013617267
1685 0.1007839725
1686 0.1001725736
1687 0.0995320574
1688 0.0988686109
1689 0.0981886138
1690 0.0974999710
1691 0.0968101503
1692 0.0961274847
1693 0.0954593360
1694 0.0948129287
1695 0.0941938066
1696 0.0936063754
1697 0.0930522343
1698 0.0925311537
1699 0.0920398242
1700 0.0915731183
1701 0.0911235332
1702 0.0906838605
1703 0.0902466885
1704 0.0898070242
1705 0.0893613304
1706 0.0889090691
1707 0.0884504768
1708 0.0879877083
1709 0.0875226394
1710 0.0870577674
1711 0.0865950506
1712 0.0861373453
1713 0.0856868357
1714 0.0852465717
1715 0.0848193023
1716 0.0844085070
1717 0.0840173446
1718 0.0836499333
1719 0.0833104302
1720 0.0830038244
1721 0.0827355400
1722 0.0825119240
1723 0.0823395012
1724 0.0822259278
1725 0.0821776890
1726 0.0822025887
1727 0.0823059563
1728 0.0824936199
1729 0.0827690632
1730 0.0831356924
1731 0.0835944470
1732 0.0841460538
1733 0.0847885502
1734 0.0855193710
1735 0.0863334705
1736 0.0872245941
1737 0.0881836182
1738 0.0892002755
1739 0.0902610869
1740 0.0913523334
1741 0.0924581573
1742 0.0935635088
1743 0.0946525980
1744 0.0957119161
1745 0.0967285644
1746 0.0976928758
1747 0.0985969766
1748 0.0994364220
1749 0.1002087790
1750 0.1009148478
1751 0.1015567077
1752 0.1021382529
1753 0.1026634976
1754 0.1031369897
1755 0.1035619444
1756 0.1039415504
1757 0.1042777899
1758 0.1045732884
1759 0.1048300848
1760 0.1050519303
1761 0.1052424824
1762 0.1054073139
1763 0.1055518193
1764 0.1056822622
1765 0.1058033730
1766 0.1059196355
1767 0.1060334073
1768 0.1061467783
1769 0.1062600711
1770 0.1063740527
1771 0.1064887456
1772 0.1066052550
1773 0.1067249612
1774 0.1068497551
1775 0.1069820244
1776 0.1071242204
1777 0.1072786481
1778 0.1074471473
1779 0.1076305455
1780 0.1078287231
1781 0.1080406262
1782 0.1082645445
1783 0.1084980811
1784 0.1087383550
1785 0.1089818567
1786 0.1092244078
1787 0.1094612282
1788 0.1096868614
1789 0.1098958001
1790 0.1100825096
1791 0.1102421354
1792 0.1103706801
1793 0.1104655501
1794 0.1105253656
1795 0.1105498851
1796 0.1105398963
1797 0.1104964399
1798 0.1104208025
1799 0.1103147343
1800 0.1101802026
1801 0.1100190568
1802 0.1098336090
1803 0.1096265993
1804 0.1094013334
1805 0.1091613141
1806 0.1089098296
1807 0.1086498145
1808 0.1083833462
1809 0.1081118076
1810 0.1078359360
1811 0.1075564137
1812 0.1072737037
1813 0.1069887835
1814 0.1067026619
1815 0.1064169427
1816 0.1061326970
1817 0.1058514057
1818 0.1055734694
1819 0.1052991498
1820 0.1050275321
1821 0.1047577913
1822 0.1044880261
1823 0.1042167274
1824 0.1039414745
1825 0.1036604012
1826 0.1033709300
1827 0.1030711695
1828 0.1027585699
1829 0.1024311485
1830 0.1020860859
1831 0.1017213315
1832 0.1013343055
1833 0.1009236633
1834 0.1004878037
1835 0.1000268743
1836 0.0995415569
1837 0.0990349090
1838 0.0985111665
1839 0.0979776249
1840 0.0974433865
1841 0.0969203176
1842 0.0964223109
1843 0.0959649079
1844 0.0955642805
1845 0.0952361496
1846 0.0949939850
1847 0.0948480182
1848 0.0948032484
1849 0.0948594380
1850 0.0950102790
1851 0.0952448686
1852 0.0955479341
1853 0.0959021746
1854 0.0962888165
1855 0.0966896692
1856 0.0970874261
1857 0.0974673378
1858 0.0978173746
1859 0.0981288998
1860 0.0983968209
1861 0.0986199333
1862 0.0987996360
1863 0.0989399119
1864 0.0990455605
1865 0.0991216849
1866 0.0991726788
1867 0.0992021552
1868 0.0992127722
1869 0.0992063528
1870 0.0991838541
1871 0.0991456511
1872 0.0990912944
1873 0.0990191296
1874 0.0989267014
1875 0.0988100709
1876 0.0986648235
1877 0.0984856761
1878 0.0982679430
1879 0.0980075474
1880 0.0977023665
1881 0.0973529011
1882 0.0969628887
1883 0.0965389481
1884 0.0960903675
1885 0.0956277751
1886 0.0951625256
1887 0.0947052781
1888 0.0942659391
1889 0.0938522074
1890 0.0934692335
1891 0.0931190270
1892 0.0928005422
1893 0.0925089244
1894 0.0922360594
1895 0.0919707290
1896 0.0917000021
1897 0.0914100581
1898 0.0910881866
1899 0.0907233270
1900 0.0903078958
1901 0.0898371066
1902 0.0893093970
1903 0.0887249570
1904 0.0880856349
1905 0.0873936275
1906 0.0866517088
1907 0.0858623353
1908 0.0850282410
1909 0.0841519872
1910 0.0832368848
1911 0.0822864021
1912 0.0813054207
1913 0.0802999220
1914 0.0792784481
1915 0.0782514591
1916 0.0772324141
1917 0.0762367807
1918 0.0752817204
1919 0.0743845756
1920 0.0735619317
1921 0.0728282315
1922 0.0721949401
1923 0.0716697849
1924 0.0712568967
1925 0.0709567228
1926 0.0707673292
1927 0.0706847151
1928 0.0707040828
1929 0.0708201835
1930 0.0710285594
1931 0.0713251701
1932 0.0717069107
1933 0.0721707620
1934 0.0727135276
1935 0.0733305513
1936 0.0740151931
1937 0.0747578808
1938 0.0755459774
1939 0.0763639800
1940 0.0771943263
1941 0.0780185572
1942 0.0788185555
1943 0.0795779218
1944 0.0802827538
1945 0.0809219986
1946 0.0814872869
1947 0.0819726449
1948 0.0823742759
1949 0.0826904265
1950 0.0829210519
1951 0.0830682020
1952 0.0831359402
1953 0.0831310194
1954 0.0830624631
1955 0.0829417757
1956 0.0827815940
1957 0.0825949991
1958 0.0823936373
1959 0.0821870920
1960 0.0819820067
1961 0.0817821299
1962 0.0815884601
1963 0.0814005546
1964 0.0812169301
1965 0.0810366669
1966 0.0808593504
1967 0.0806860330
1968 0.0805182765
1969 0.0803583573
1970 0.0802081746
1971 0.0800699076
1972 0.0799450678
1973 0.0798356412
1974 0.0797437820
1975 0.0796725515
1976 0.0796250775
1977 0.0796050722
1978 0.0796157968
1979 0.0796604003
1980 0.0797412613
1981 0.0798602905
1982 0.0800180145
1983 0.0802135438
1984 0.0804439672
1985 0.0807040110
1986 0.0809858146
1987 0.0812790228
1988 0.0815713656
1989 0.0818489665
1990 0.0820974279
1991 0.0823026244
1992 0.0824520230
1993 0.0825350401
1994 0.0825448211
1995 0.0824781060
1996 0.0823367230
1997 0.0821267313
1998 0.0818591446
1999 0.0815482599
2000 0.0812116524
2001 0.0808674383
2002 0.0805352205
2003 0.0802329600
2004 0.0799777075
2005 0.0797836154
2006 0.0796619539
2007 0.0796200047
2008 0.0796612655
2009 0.0797849365
2010 0.0799865023
2011 0.0802578202
2012 0.0805888409
2013 0.0809682775
2014 0.0813855939
2015 0.0818310622
2016 0.0822970217
2017 0.0827776088
2018 0.0832691526
2019 0.0837696410
2020 0.0842789717
2021 0.0847981919
2022 0.0853301157
2023 0.0858776984
2024 0.0864453963
2025 0.0870373483
2026 0.0876579421
2027 0.0883099505
2028 0.0889948372
2029 0.0897112867
2030 0.0904559459
2031 0.0912224811
2032 0.0920024655
2033 0.0927848466
2034 0.0935569118
2035 0.0943049983
2036 0.0950154260
2037 0.0956757919
2038 0.0962754016
2039 0.0968064599
2040 0.0972641953
2041 0.0976473276
2042 0.0979575323
2043 0.0981992984
2044 0.0983791962
2045 0.0985051520
2046 0.0985858636
2047 0.0986296971
2048 0.0986444375
2049 0.0986362495
2050 0.0986101038
2051 0.0985691322
2052 0.0985156883
2053 0.0984510731
2054 0.0983766203
2055 0.0982935304
2056 0.0982030546
2057 0.0981060316
2058 0.0980027763
2059 0.0978926492
2060 0.0977741079
2061 0.0976446936
2062 0.0975015351
2063 0.0973415657
2064 0.0971619806
2065 0.0969602597
2066 0.0967347085
2067 0.0964838771
2068 0.0962070303
2069 0.0959041841
2070 0.0955759784
2071 0.0952235525
2072 0.0948487442
2073 0.0944540253
2074 0.0940424237
2075 0.0936173086
2076 0.0931825456
2077 0.0927420546
2078 0.0923000250
2079 0.0918600173
2080 0.0914253355
2081 0.0909979137
2082 0.0905784175
2083 0.0901656311
2084 0.0897565677
2085 0.0893465663
2086 0.0889295212
2087 0.0884984515
2088 0.0880455773
2089 0.0875633048
2090 0.0870442970
2091 0.0864821750
2092 0.0858716213
2093 0.0852090323
2094 0.0844919754
2095 0.0837191876
2096 0.0828899850
2097 0.0820036439
2098 0.0810593680
2099 0.0800561717
2100 0.0789930748
2101 0.0778691758
2102 0.0766841769
2103 0.0754386903
2104 0.0741348161
2105 0.0727760191
2106 0.0713677800
2107 0.0699172100
2108 0.0684331382
2109 0.0669255334
2110 0.0654057288
2111 0.0638860338
2112 0.0623797115
2113 0.0609003577
2114 0.0594624427
2115 0.0580801073
2116 0.0567678174
2117 0.0555393458
2118 0.0544079687
2119 0.0533853533
2120 0.0524813989
2121 0.0517032950
2122 0.0510554488
2123 0.0505387059
2124 0.0501508084
2125 0.0498865985
2126 0.0497386942
2127 0.0496985205
2128 0.0497566537
2129 0.0499036213
2130 0.0501295067
2131 0.0504242929
2132 0.0507769301
2133 0.0511760872
2134 0.0516089282
2135 0.0520624053
2136 0.0525230925
2137 0.0529782250
2138 0.0534157043
2139 0.0538250062
2140 0.0541970384
2141 0.0545247339
2142 0.0548028533
2143 0.0550285811
2144 0.0552010431
2145 0.0553221020
2146 0.0553960191
2147 0.0554300103
2148 0.0554335460
2149 0.0554182772
2150 0.0553969016
2151 0.0553829886
2152 0.0553897245
2153 0.0554294897
2154 0.0555132327
2155 0.0556501716
2156 0.0558477350
2157 0.0561116326
2158 0.0564458166
2159 0.0568526621
2160 0.0573334746
2161 0.0578890434
2162 0.0585198024
2163 0.0592261965
2164 0.0600082459
2165 0.0608660428
2166 0.0617984695
2167 0.0628033986
2168 0.0638766758
2169 0.0650125987
2170 0.0662034967
2171 0.0674403850
2172 0.0687130725
2173 0.0700109992
2174 0.0713235628
2175 0.0726404563
2176 0.0739521167
2177 0.0752493712
2178 0.0765236740
2179 0.0777667855
2180 0.0789713405
2181 0.0801308123
2182 0.0812404044
2183 0.0822968290
2184 0.0832994863
2185 0.0842498771
2186 0.0851513869
2187 0.0860084086
2188 0.0868256372
2189 0.0876073357
2190 0.0883565226
2191 0.0890746488
2192 0.0897613747
2193 0.0904147943
2194 0.0910315129
2195 0.0916070285
2196 0.0921363476
2197 0.0926148774
2198 0.0930387979
2199 0.0934059673
2200 0.0937156656
2201 0.0939688901
2202 0.0941672298
2203 0.0943129437
2204 0.0944074793
2205 0.0944511075
2206 0.0944423725
2207 0.0943789469
2208 0.0942583484
2209 0.0940793683
2210 0.0938427401
2211 0.0935515188
2212 0.0932100608
2213 0.0928230927
2214 0.0923942207
2215 0.0919251053
2216 0.0914156516
2217 0.0908646609
2218 0.0902703241
2219 0.0896309934
2220 0.0889456877
2221 0.0882138710
2222 0.0874355761
2223 0.0866110590
2224 0.0857411911
2225 0.0848274947
2226 0.0838727297
2227 0.0828806942
2228 0.0818564624
2229 0.0808060311
2230 0.0797367267
2231 0.0786571487
2232 0.0775772651
2233 0.0765082260
2234 0.0754622699
2235 0.0744527123
2236 0.0734929356
2237 0.0725965980
2238 0.0717763623
2239 0.0710444601
2240 0.0704109552
2241 0.0698852344
2242 0.0694745723
2243 0.0691854226
2244 0.0690219292
2245 0.0689866932
2246 0.0690791319
2247 0.0692958227
2248 0.0696295010
2249 0.0700697884
2250 0.0706027754
2251 0.0712123842
2252 0.0718800959
2253 0.0725869229
2254 0.0733127603
2255 0.0740379327
2256 0.0747429239
2257 0.0754100334
2258 0.0760226081
2259 0.0765669751
2260 0.0770312479
2261 0.0774070425
2262 0.0776881323
2263 0.0778716171
2264 0.0779566484
2265 0.0779448611
2266 0.0778389730
2267 0.0776432948
2268 0.0773624077
2269 0.0770017167
2270 0.0765667991
2271 0.0760637860
2272 0.0754997813
2273 0.0748827944
2274 0.0742220446
2275 0.0735278993
2276 0.0728117451
2277 0.0720858004
2278 0.0713630854
2279 0.0706567019
2280 0.0699799738
2281 0.0693457386
2282 0.0687662168
2283 0.0682528538
2284 0.0678160952
2285 0.0674657306
2286 0.0672110374
2287 0.0670609000
2288 0.0670237011
2289 0.0671067482
2290 0.0673157529
2291 0.0676539387
2292 0.0681215150
2293 0.0687150952
2294 0.0694272333
2295 0.0702469184
2296 0.0711598473
2297 0.0721491680
2298 0.0731970477
2299 0.0742854295
2300 0.0753973111
2301 0.0765169584
2302 0.0776305602
2303 0.0787260895
2304 0.0797935740
2305 0.0808246259
2306 0.0818124128
2307 0.0827511844
2308 0.0836366025
2309 0.0844653268
2310 0.0852358059
2311 0.0859478642
2312 0.0866031852
2313 0.0872045952
2314 0.0877560972
2315 0.0882616124
2316 0.0887254567
2317 0.0891511854
2318 0.0895427464
2319 0.0899033720
2320 0.0902370990
2321 0.0905475013
2322 0.0908394519
2323 0.0911177465
2324 0.0913882230
2325 0.0916560433
2326 0.0919269549
2327 0.0922053734
2328 0.0924955852
2329 0.0928006386
2330 0.0931231601
2331 0.0934647807
2332 0.0938267432
2333 0.0942092459
2334 0.0946119132
2335 0.0950329684
2336 0.0954694709
2337 0.0959168691
2338 0.0963691502
2339 0.0968186497
2340 0.0972564001
2341 0.0976718875
2342 0.0980537334
2343 0.0983897728
2344 0.0986679438
2345 0.0988766167
2346 0.0990057103
2347 0.0990471743
2348 0.0989963090
2349 0.0988518100
2350 0.0986163173
2351 0.0982958237
2352 0.0978992563
2353 0.0974378975
2354 0.0969246586
2355 0.0963736937
2356 0.0957996088
2357 0.0952172099
2358 0.0946401325
2359 0.0940800455
2360 0.0935460856
2361 0.0930443614
2362 0.0925781594
2363 0.0921481071
2364 0.0917525916
2365 0.0913881035
2366 0.0910499633
2367 0.0907326537
2368 0.0904305385
2369 0.0901381742
2370 0.0898519061
2371 0.0895697501
2372 0.0892930144
2373 0.0890257330
2374 0.0887758665
2375 0.0885527045
2376 0.0883670532
2377 0.0882276824
2378 0.0881424500
2379 0.0881147024
2380 0.0881442199
2381 0.0882262459
2382 0.0883528506
2383 0.0885131039
2384 0.0886947110
2385 0.0888845030
2386 0.0890699643
2387 0.0892396352
2388 0.0893838564
2389 0.0894952184
2390 0.0895683253
2391 0.0895997107
2392 0.0895870980
2393 0.0895289610
2394 0.0894238584
2395 0.0892703319
2396 0.0890664291
2397 0.0888105918
2398 0.0885012791
2399 0.0881383918
2400 0.0877222037
2401 0.0872545043
2402 0.0867369652
2403 0.0861718681
2404 0.0855605571
2405 0.0849043341
2406 0.0842031619
2407 0.0834568460
2408 0.0826642577
2409 0.0818255564
2410 0.0809412935
2411 0.0800144678
2412 0.0790492325
2413 0.0780529834
2414 0.0770343000
2415 0.0760041210
2416 0.0749741404
2417 0.0739574182
2418 0.0729669053
2419 0.0720156916
2420 0.0711158326
2421 0.0702779280
2422 0.0695101863
2423 0.0688178474
2424 0.0682032898
2425 0.0676656978
2426 0.0672018092
2427 0.0668061713
2428 0.0664717113
2429 0.0661900270
2430 0.0659518528
2431 0.0657472049
2432 0.0655656944
2433 0.0653972687
2434 0.0652325247
2435 0.0650630140
2436 0.0648817300
2437 0.0646835032
2438 0.0644653536
2439 0.0642263810
2440 0.0639677857
2441 0.0636923618
2442 0.0634043634
2443 0.0631089571
2444 0.0628119234
2445 0.0625194393
2446 0.0622379308
2447 0.0619738489
2448 0.0617337541
2449 0.0615240963
2450 0.0613513723
2451 0.0612214814
2452 0.0611396728
2453 0.0611101236
2454 0.0611359635
2455 0.0612195803
2456 0.0613629562
2457 0.0615680735
2458 0.0618370161
2459 0.0621719766
2460 0.0625749209
2461 0.0630470151
2462 0.0635879003
2463 0.0641951493
2464 0.0648640264
2465 0.0655872537
2466 0.0663554025
2467 0.0671574571
2468 0.0679816861
2469 0.0688166242
2470 0.0696515177
2471 0.0704770534
2472 0.0712856999
2473 0.0720710984
2474 0.0728278141
2475 0.0735508239
2476 0.0742352306
2477 0.0748761534
2478 0.0754686832
2479 0.0760081077
2480 0.0764899963
2481 0.0769097307
2482 0.0772629339
2483 0.0775455362
2484 0.0777542411
2485 0.0778866308
2486 0.0779413662
2487 0.0779180702
2488 0.0778175073
2489 0.0776417946
2490 0.0773947212
2491 0.0770817219
2492 0.0767098860
2493 0.0762879632
2494 0.0758258014
2495 0.0753343052
2496 0.0748247928
2497 0.0743086752
2498 0.0737970906
2499 0.0733009176
2500 0.0728298450
2501 0.0723923312
2502 0.0719953771
2503 0.0716435553
2504 0.0713385022
2505 0.0710786526
2506 0.0708599561
2507 0.0706765789
2508 0.0705218767
2509 0.0703889538
2510 0.0702715556
2511 0.0701644144
2512 0.0700629622
2513 0.0699635977
2514 0.0698636298
2515 0.0697614441
2516 0.0696564224
2517 0.0695489274
2518 0.0694398614
2519 0.0693303259
2520 0.0692213044
2521 0.0691129496
2522 0.0690048443
2523 0.0688962950
2524 0.0687865887
2525 0.0686755694
2526 0.0685639400
2527 0.0684530276
2528 0.0683447600
2529 0.0682409588
2530 0.0681431146
2531 0.0680521239
2532 0.0679684220
2533 0.0678920974
2534 0.0678233149
2535 0.0677622788
2536 0.0677100835
2537 0.0676684825
2538 0.0676412769
2539 0.0676335844
2540 0.0676531795
2541 0.0677085579
2542 0.0678093496
2543 0.0679634493
2544 0.0681777100
2545 0.0684551304
2546 0.0687967622
2547 0.0692004908
2548 0.0696640138
2549 0.0701847896
2550 0.0707619658
2551 0.0713947626
2552 0.0720831826
2553 0.0728251097
2554 0.0736171107
2555 0.0744530423
2556 0.0753251717
2557 0.0762236438
2558 0.0771382986
2559 0.0780584377
2560 0.0789739341
2561 0.0798747141
2562 0.0807515460
2563 0.0815954669
2564 0.0823984937
2565 0.0831532047
2566 0.0838538335
2567 0.0844960644
2568 0.0850780077
2569 0.0855997903
2570 0.0860641523
2571 0.0864756472
2572 0.0868405986
2573 0.0871657673
2574 0.0874580744
2575 0.0877235654
2576 0.0879669007
2577 0.0881909522
2578 0.0883970669
2579 0.0885859451
2580 0.0887584966
2581 0.0889171467
2582 0.0890664058
2583 0.0892135510
2584 0.0893678896
2585 0.0895398670
2586 0.0897390210
2587 0.0899724425
2588 0.0902432104
2589 0.0905498295
2590 0.0908861267
2591 0.0912422128
2592 0.0916054765
2593 0.0919622642
2594 0.0922988171
2595 0.0926025960
2596 0.0928624752
2597 0.0930692879
2598 0.0932149980
2599 0.0932929121
2600 0.0932970204
2601 0.0932221741
2602 0.0930636102
2603 0.0928173573
2604 0.0924803073
2605 0.0920507587
2606 0.0915280411
2607 0.0909131170
2608 0.0902078988
2609 0.0894157393
2610 0.0885406340
2611 0.0875876940
2612 0.0865628934
2613 0.0854735787
2614 0.0843283795
2615 0.0831370238
2616 0.0819101149
2617 0.0806582930
2618 0.0793920325
2619 0.0781206997
2620 0.0768533498
2621 0.0755984294
2622 0.0743649669
2623 0.0731620197
2624 0.0719995186
2625 0.0708870071
2626 0.0698341484
2627 0.0688491521
2628 0.0679396540
2629 0.0671115516
2630 0.0663695953
2631 0.0657166146
2632 0.0651541191
2633 0.0646813257
2634 0.0642956716
2635 0.0639922638
2636 0.0637650172
2637 0.0636064098
2638 0.0635091600
2639 0.0634660160
2640 0.0634707419
2641 0.0635180635
2642 0.0636043475
2643 0.0637274136
2644 0.0638868366
2645 0.0640836013
2646 0.0643202543
2647 0.0646001455
2648 0.0649273446
2649 0.0653056916
2650 0.0657387672
2651 0.0662290606
2652 0.0667779171
2653 0.0673849705
2654 0.0680480177
2655 0.0687627512
2656 0.0695227273
2657 0.0703192909
2658 0.0711415281
2659 0.0719766424
2660 0.0728105503
2661 0.0736288018
2662 0.0744182894
2663 0.0751686583
2664 0.0758737531
2665 0.0765320736
2666 0.0771461064
2667 0.0777213310
2668 0.0782646062
2669 0.0787832450
2670 0.0792844089
2671 0.0797747464
2672 0.0802607353
2673 0.0807477887
2674 0.0812410029
2675 0.0817442735
2676 0.0822607979
2677 0.0827925430
2678 0.0833402712
2679 0.0839033448
2680 0.0844802280
2681 0.0850683987
2682 0.0856654579
2683 0.0862693410
2684 0.0868799756
2685 0.0874995166
2686 0.0881335215
2687 0.0887900308
2688 0.0894796700
2689 0.0902136173
2690 0.0910032759
2691 0.0918572527
2692 0.0927817758
2693 0.0937790136
2694 0.0948477254
2695 0.0959819873
2696 0.0971730510
2697 0.0984083526
2698 0.0996736593
2699 0.1009522556
2700 0.1022265071
2701 0.1034772213
2702 0.1046848633
2703 0.1058287290
2704 0.1068888073
2705 0.1078462210
2706 0.1086849193
2707 0.1093913640
2708 0.1099569785
2709 0.1103780440
2710 0.1106571576
2711 0.1108024908
2712 0.1108276068
2713 0.1107491635
2714 0.1105864125
2715 0.1103586908
2716 0.1100850481
2717 0.1097827647
2718 0.1094672345
2719 0.1091511361
2720 0.1088445591
2721 0.1085547327
2722 0.1082870066
2723 0.1080445722
2724 0.1078295172
2725 0.1076429693
2726 0.1074852758
2727 0.1073558202
2728 0.1072528839
2729 0.1071731835
2730 0.1071119239
2731 0.1070625175
2732 0.1070166865
2733 0.1069649993
2734 0.1068971057
2735 0.1068021527
2736 0.1066690345
2737 0.1064866578
2738 0.1062444852
2739 0.1059332781
2740 0.1055458070
2741 0.1050775767
2742 0.1045276773
2743 0.1038988018
2744 0.1031971491
2745 0.1024319420
2746 0.1016143606
2747 0.1007561433
2748 0.0998687987
2749 0.0989631047
2750 0.0980488660
2751 0.0971348177
2752 0.0962285549
2753 0.0953365878
2754 0.0944641959
2755 0.0936155409
2756 0.0927936487
2757 0.0920004028
2758 0.0912368799
2759 0.0905035646
2760 0.0898009098
2761 0.0891293555
2762 0.0884889274
2763 0.0878792922
2764 0.0872985087
2765 0.0867431487
2766 0.0862075974
2767 0.0856845639
2768 0.0851652110
2769 0.0846404151
2770 0.0841012103
2771 0.0835398160
2772 0.0829500433
2773 0.0823275264
2774 0.0816700611
2775 0.0809772356
2776 0.0802507039
2777 0.0794937131
2778 0.0787112167
2779 0.0779092884
2780 0.0770951911
2781 0.0762762898
2782 0.0754600988
2783 0.0746534455
2784 0.0738624729
2785 0.0730922748
2786 0.0723470992
2787 0.0716303990
2788 0.0709450107
2789 0.0702930204
2790 0.0696754537
2791 0.0690926635
2792 0.0685437570
2793 0.0680272436
2794 0.0675406164
2795 0.0670808803
2796 0.0666447592
2797 0.0662294234
2798 0.0658323680
2799 0.0654515875
2800 0.0650854592
2801 0.0647325322
2802 0.0643919446
2803 0.0640632838
2804 0.0637471604
2805 0.0634455084
2806 0.0631617078
2807 0.0629007596
2808 0.0626692810
2809 0.0624751413
2810 0.0623272320
2811 0.0622345424
2812 0.0622060174
2813 0.0622492868
2814 0.0623708732
2815 0.0625751590
2816 0.0628649210
2817 0.0632402326
2818 0.0636997564
2819 0.0642394539
2820 0.0648547310
2821 0.0655392569
2822 0.0662867003
2823 0.0670886736
2824 0.0679363696
2825 0.0688194220
2826 0.0697294045
2827 0.0706575105
2828 0.0715966570
2829 0.0725408726
2830 0.0734853395
2831 0.0744265003
2832 0.0753622801
2833 0.0762917232
2834 0.0772145102
2835 0.0781302512
2836 0.0790382327
2837 0.0799369328
2838 0.0808237760
2839 0.0816953212
2840 0.0825474833
2841 0.0833762093
2842 0.0841776681
2843 0.0849489501
2844 0.0856881457
2845 0.0863951560
2846 0.0870715170
2847 0.0877211744
2848 0.0883499703
2849 0.0889653649
2850 0.0895756981
2851 0.0901898360
2852 0.0908159297
2853 0.0914620121
2854 0.0921349975
2855 0.0928407498
2856 0.0935838580
2857 0.0943674022
2858 0.0951927610
2859 0.0960593365
2860 0.0969642836
2861 0.0979032330
2862 0.0988702917
2863 0.0998587591
2864 0.1008615660
2865 0.1018721587
2866 0.1028848288
2867 0.1038956356
2868 0.1049021015
2869 0.1059038748
2870 0.1069017552
2871 0.1078981200
2872 0.1088959674
2873 0.1098988768
2874 0.1109094587
2875 0.1119296853
2876 0.1129591520
2877 0.1139952155
2878 0.1150322038
2879 0.1160620719
2880 0.1170743204
2881 0.1180569806
2882 0.1189977060
2883 0.1198853277
2884 0.1207102579
2885 0.1214654691
2886 0.1221460849
2887 0.1227499412
2888 0.1232767276
2889 0.1237284378
2890 0.1241080523
2891 0.1244194830
2892 0.1246659805
2893 0.1248500318
2894 0.1249718605
2895 0.1250300779
2896 0.1250211129
2897 0.1249411816
2898 0.1247860684
2899 0.1245522016
2900 0.1242361907
2901 0.1238355430
2902 0.1233477048
2903 0.1227712794
2904 0.1221053074
2905 0.1213509729
2906 0.1205113560
2907 0.1195927471
2908 0.1186041329
2909 0.1175573364
2910 0.1164657280
2911 0.1153435140
2912 0.1142043627
2913 0.1130611149
2914 0.1119244684
2915 0.1108034340
2916 0.1097050075
2917 0.1086348406
2918 0.1075973008
2919 0.1065961696
2920 0.1056349440
2921 0.1047170904
2922 0.1038464012
2923 0.1030264727
2924 0.1022607252
2925 0.1015511529
2926 0.1008988550
2927 0.1003032663
2928 0.0997626123
2929 0.0992736802
2930 0.0988327136
2931 0.0984354643
2932 0.0980786406
2933 0.0977599446
2934 0.0974794357
2935 0.0972391850
2936 0.0970440623
2937 0.0969008260
2938 0.0968179752
2939 0.0968040918
2940 0.0968674022
2941 0.0970134882
2942 0.0972448162
2943 0.0975592054
2944 0.0979501745
2945 0.0984060156
2946 0.0989118149
2947 0.0994491597
2948 0.0999984834
2949 0.1005390277
2950 0.1010506158
2951 0.1015139811
2952 0.1019116164
2953 0.1022282818
2954 0.1024511543
2955 0.1025709835
2956 0.1025815696
2957 0.1024807810
2958 0.1022698465
2959 0.1019538538
2960 0.1015400929
2961 0.1010382026
2962 0.1004581237
2963 0.0998107931
2964 0.0991062396
2965 0.0983548403
2966 0.0975661076
2967 0.0967505142
2968 0.0959186477
2969 0.0950828032
2970 0.0942563030
2971 0.0934541323
2972 0.0926914294
2973 0.0919833550
2974 0.0913429217
2975 0.0907808385
2976 0.0903034157
2977 0.0899128563
2978 0.0896064546
2979 0.0893778283
2980 0.0892167248
2981 0.0891111242
2982 0.0890477108
2983 0.0890137087
2984 0.0889971505
2985 0.0889882483
2986 0.0889790623
2987 0.0889635709
2988 0.0889367332
2989 0.0888939958
2990 0.0888305009
2991 0.0887407047
2992 0.0886178736
2993 0.0884551695
2994 0.0882449621
2995 0.0879804696
2996 0.0876548027
2997 0.0872619593
2998 0.0867968283
2999 0.0862556896
3000 0.0856363175
3001 0.0849382911
3002 0.0841629374
3003 0.0833136491
3004 0.0823957867
3005 0.0814164206
3006 0.0803840484
3007 0.0793078431
3008 0.0781974200
3009 0.0770620328
3010 0.0759105505
3011 0.0747511427
3012 0.0735915691
3013 0.0724386854
3014 0.0712989973
3015 0.0701784133
3016 0.0690830206
3017 0.0680188367
3018 0.0669922298
3019 0.0660091208
3020 0.0650754863
3021 0.0641959414
3022 0.0633744503
3023 0.0626134247
3024 0.0619140598
3025 0.0612754794
3026 0.0606962374
3027 0.0601736636
3028 0.0597049483
3029 0.0592870012
3030 0.0589172227
3031 0.0585929981
3032 0.0583127191
3033 0.0580743556
3034 0.0578766726
3035 0.0577178607
3036 0.0575970808
3037 0.0575133630
3038 0.0574670736
3039 0.0574588394
3040 0.0574908638
3041 0.0575654732
3042 0.0576859580
3043 0.0578547321
3044 0.0580747091
3045 0.0583479498
3046 0.0586763821
3047 0.0590601384
3048 0.0594978908
3049 0.0599864868
3050 0.0605216026
3051 0.0610975634
3052 0.0617079588
3053 0.0623458823
3054 0.0630037685
3055 0.0636733534
3056 0.0643456187
3057 0.0650106863
3058 0.0656578484
3059 0.0662760080
3060 0.0668546242
3061 0.0673843264
3062 0.0678578479
3063 0.0682702608
3064 0.0686193927
3065 0.0689058509
3066 0.0691330034
3067 0.0693065532
3068 0.0694341906
3069 0.0695252042
3070 0.0695898834
3071 0.0696388310
3072 0.0696824008
3073 0.0697304011
3074 0.0697917431
3075 0.0698747196
3076 0.0699869456
3077 0.0701357253
3078 0.0703280599
3079 0.0705707837
3080 0.0708703542
3081 0.0712327994
3082 0.0716632364
3083 0.0721655114
3084 0.0727421421
3085 0.0733935125
3086 0.0741182323
3087 0.0749125749
3088 0.0757709680
3089 0.0766856707
3090 0.0776476442
3091 0.0786466586
3092 0.0796723630
3093 0.0807147240
3094 0.0817648061
3095 0.0828146011
3096 0.0838569906
3097 0.0848851653
3098 0.0858922080
3099 0.0868705852
3100 0.0878124612
3101 0.0887098109
3102 0.0895551994
3103 0.0903419387
3104 0.0910647493
3105 0.0917198505
3106 0.0923052752
3107 0.0928206376
3108 0.0932671398
3109 0.0936474154
3110 0.0939650086
3111 0.0942241983
3112 0.0944293022
3113 0.0945843957
3114 0.0946925898
3115 0.0947558278
3116 0.0947746311
3117 0.0947488697
3118 0.0946781464
3119 0.0945625766
3120 0.0944030470
3121 0.0942023127
3122 0.0939644391
3123 0.0936955306
3124 0.0934023412
3125 0.0930928339
3126 0.0927746604
3127 0.0924553303
3128 0.0921408805
3129 0.0918361633
3130 0.0915437209
3131 0.0912645176
3132 0.0909974251
3133 0.0907398673
3134 0.0904881117
3135 0.0902379556
3136 0.0899852264
3137 0.0897269935
3138 0.0894612832
3139 0.0891878035
3140 0.0889070144
3141 0.0886201653
3142 0.0883281622
3143 0.0880316786
3144 0.0877306010
3145 0.0874246106
3146 0.0871130195
3147 0.0867953028
3148 0.0864709725
3149 0.0861395689
3150 0.0858006205
3151 0.0854535634
3152 0.0850972788
3153 0.0847300193
3154 0.0843494255
3155 0.0839526343
3156 0.0835362476
3157 0.0830969352
3158 0.0826315903
3159 0.0821378759
3160 0.0816144856
3161 0.0810617847
3162 0.0804823973
3163 0.0798813640
3164 0.0792666635
3165 0.0786483456
3166 0.0780383063
3167 0.0774485182
3168 0.0768907509
3169 0.0763750691
3170 0.0759101725
3171 0.0755023719
3172 0.0751564448
3173 0.0748756057
3174 0.0746619315
3175 0.0745163437
3176 0.0744388808
3177 0.0744282813
3178 0.0744821384
3179 0.0745964997
3180 0.0747664197
3181 0.0749860924
3182 0.0752493093
3183 0.0755499695
3184 0.0758828211
3185 0.0762439711
3186 0.0766310540
3187 0.0770426568
3188 0.0774785531
3189 0.0779390561
3190 0.0784253484
3191 0.0789392119
3192 0.0794833075
3193 0.0800603493
3194 0.0806728884
3195 0.0813227739
3196 0.0820100274
3197 0.0827328254
3198 0.0834871338
3199 0.0842673539
3200 0.0850665432
3201 0.0858780325
3202 0.0866952852
3203 0.0875129559
3204 0.0883261031
3205 0.0891308629
3206 0.0899231298
3207 0.0906990623
3208 0.0914539993
3209 0.0921829521
3210 0.0928808873
3211 0.0935425615
3212 0.0941631325
3213 0.0947381942
3214 0.0952644698
3215 0.0957394569
3216 0.0961619005
3217 0.0965311198
3218 0.0968471769
3219 0.0971099969
3220 0.0973196865
3221 0.0974757003
3222 0.0975776147
3223 0.0976248301
3224 0.0976173948
3225 0.0975560039
3226 0.0974427054
3227 0.0972806578
3228 0.0970739088
3229 0.0968270003
3230 0.0965447540
3231 0.0962318869
3232 0.0958935099
3233 0.0955349198
3234 0.0951621685
3235 0.0947818824
3236 0.0944013842
3237 0.0940283189
3238 0.0936702429
3239 0.0933340114
3240 0.0930250716
3241 0.0927470168
3242 0.0925010028
3243 0.0922858490
3244 0.0920977866
3245 0.0919313082
3246 0.0917791700
3247 0.0916339011
3248 0.0914875507
3249 0.0913335285
3250 0.0911667295
3251 0.0909846769
3252 0.0907861933
3253 0.0905717937
3254 0.0903423570
3255 0.0900992994
3256 0.0898434157
3257 0.0895748636
3258 0.0892930843
3259 0.0889974301
3260 0.0886870029
3261 0.0883618073
3262 0.0880221981
3263 0.0876700308
3264 0.0873073676
3265 0.0869375592
3266 0.0865640093
3267 0.0861913744
3268 0.0858242290
3269 0.0854682849
3270 0.0851291930
3271 0.0848130539
3272 0.0845252208
3273 0.0842702708
3274 0.0840512746
3275 0.0838701172
3276 0.0837278585
3277 0.0836250122
3278 0.0835618009
3279 0.0835381466
3280 0.0835534560
3281 0.0836065964
3282 0.0836956242
3283 0.0838178249
3284 0.0839700912
3285 0.0841488860
3286 0.0843507279
3287 0.0845717868
3288 0.0848085307
3289 0.0850575321
3290 0.0853160016
3291 0.0855816510
3292 0.0858533014
3293 0.0861304440
3294 0.0864139354
3295 0.0867053163
3296 0.0870072256
3297 0.0873226150
3298 0.0876551567
3299 0.0880081868
3300 0.0883851205
3301 0.0887887016
3302 0.0892218421
3303 0.0896869781
3304 0.0901862736
3305 0.0907215348
3306 0.0912930234
3307 0.0918992029
3308 0.0925356953
3309 0.0931949985
3310 0.0938658780
3311 0.0945338720
3312 0.0951815335
3313 0.0957897176
3314 0.0963388177
3315 0.0968105399
3316 0.0971896973
3317 0.0974660837
3318 0.0976337427
3319 0.0976914548
3320 0.0976414369
3321 0.0974891399
3322 0.0972424980
3323 0.0969106802
3324 0.0965038275
3325 0.0960319082
3326 0.0955044802
3327 0.0949300301
3328 0.0943156042
3329 0.0936672871
3330 0.0929904796
3331 0.0922909733
3332 0.0915750454
3333 0.0908506877
3334 0.0901270436
3335 0.0894149447
3336 0.0887251654
3337 0.0880684100
3338 0.0874535714
3339 0.0868877894
3340 0.0863750652
3341 0.0859165043
3342 0.0855096203
3343 0.0851491789
3344 0.0848273276
3345 0.0845347109
3346 0.0842612047
3347 0.0839971870
3348 0.0837344691
3349 0.0834675729
3350 0.0831944095
3351 0.0829167728
3352 0.0826399042
3353 0.0823721548
3354 0.0821240987
3355 0.0819074586
3356 0.0817345961
3357 0.0816171992
3358 0.0815661534
3359 0.0815904012
3360 0.0816970625
3361 0.0818902839
3362 0.0821719195
3363 0.0825406237
3364 0.0829931075
3365 0.0835235475
3366 0.0841252535
3367 0.0847905279
3368 0.0855118078
3369 0.0862811855
3370 0.0870912476
3371 0.0879350266
3372 0.0888066011
3373 0.0897013858
3374 0.0906165127
3375 0.0915513258
3376 0.0925070394
3377 0.0934869664
3378 0.0944950204
3379 0.0955350641
3380 0.0966093419
3381 0.0977184521
3382 0.0988604286
3383 0.1000314590
3384 0.1012259653
3385 0.1024377225
3386 0.1036597214
3387 0.1048847385
3388 0.1061052581
3389 0.1073135863
3390 0.1085014855
3391 0.1096602750
3392 0.1107801744
3393 0.1118509669
3394 0.1128613215
3395 0.1138005125
3396 0.1146588585
3397 0.1154300811
3398 0.1161127082
3399 0.1167110155
3400 0.1172348299
3401 0.1176977010
3402 0.1181149049
3403 0.1185018403
3404 0.1188720428
3405 0.1192370996
3406 0.1196055853
3407 0.1199833144
3408 0.1203730267
3409 0.1207750957
3410 0.1211873623
3411 0.1216062177
3412 0.1220265919
3413 0.1224432196
3414 0.1228508000
3415 0.1232452489
3416 0.1236234467
3417 0.1239837995
3418 0.1243252401
3419 0.1246477833
3420 0.1249511953
3421 0.1252352654
3422 0.1254987761
3423 0.1257400820
3424 0.1259561943
3425 0.1261440421
3426 0.1262997550
3427 0.1264202087
3428 0.1265022805
3429 0.1265452254
3430 0.1265499128
3431 0.1265209859
3432 0.1264651725
3433 0.1263915435
3434 0.1263084341
3435 0.1262228778
3436 0.1261379932
3437 0.1260541437
3438 0.1259681594
3439 0.1258760171
3440 0.1257719531
3441 0.1256507646
3442 0.1255067231
3443 0.1253348248
3444 0.1251298661
3445 0.1248870317
3446 0.1246014945
3447 0.1242687243
3448 0.1238845040
3449 0.1234450218
3450 0.1229469058
3451 0.1223874770
3452 0.1217643613
3453 0.1210757148
3454 0.1203199528
3455 0.1194961628
3456 0.1186040986
3457 0.1176447131
3458 0.1166203635
3459 0.1155345271
3460 0.1143930961
3461 0.1132033840
3462 0.1119749525
3463 0.1107183507
3464 0.1094460055
3465 0.1081711163
3466 0.1069081967
3467 0.1056723079
3468 0.1044798673
3469 0.1033476601
3470 0.1022929392
3471 0.1013325457
3472 0.1004820817
3473 0.0997550600
3474 0.0991618168
3475 0.0987090993
3476 0.0983995759
3477 0.0982327652
3478 0.0982050406
3479 0.0983113566
3480 0.0985452793
3481 0.0989006590
3482 0.0993705323
3483 0.0999472848
3484 0.1006220622
3485 0.1013843914
3486 0.1022216777
3487 0.1031193394
3488 0.1040615905
3489 0.1050324223
3490 0.1060165976
3491 0.1069997633
3492 0.1079693075
3493 0.1089128359
3494 0.1098196350
3495 0.1106788685
3496 0.1114811974
3497 0.1122180103
3498 0.1128826455
3499 0.1134698851
3500 0.1139767165
3501 0.1144011108
3502 0.1147429425
3503 0.1150019792
3504 0.1151791124
3505 0.1152741146
3506 0.1152874112
3507 0.1152187207
3508 0.1150687860
3509 0.1148387936
3510 0.1145327908
3511 0.1141565015
3512 0.1137200458
3513 0.1132356146
3514 0.1127187411
3515 0.1121856476
3516 0.1116534978
3517 0.1111382369
3518 0.1106546023
3519 0.1102143384
3520 0.1098263138
3521 0.1094953709
3522 0.1092228063
3523 0.1090059709
3524 0.1088391942
3525 0.1087146455
3526 0.1086237667
3527 0.1085584162
3528 0.1085117070
3529 0.1084786903
3530 0.1084562107
3531 0.1084428550
3532 0.1084380584
3533 0.1084421740
3534 0.1084553570
3535 0.1084783118
3536 0.1085112350
3537 0.1085547389
3538 0.1086093124
3539 0.1086761703
3540 0.1087563573
3541 0.1088515345
3542 0.1089630016
3543 0.1090919353
3544 0.1092385265
3545 0.1094021264
3546 0.1095807723
3547 0.1097722004
3548 0.1099747731
3549 0.1101882836
3550 0.1104141348
3551 0.1106553885
3552 0.1109157001
3553 0.1111985883
3554 0.1115058821
3555 0.1118374978
3556 0.1121903543
3557 0.1125589221
3558 0.1129354142
3559 0.1133106625
3560 0.1136749289
3561 0.1140187363
3562 0.1143334982
3563 0.1146118993
3564 0.1148479496
3565 0.1150371099
3566 0.1151755266
3567 0.1152611588
3568 0.1152925482
3569 0.1152696632
3570 0.1151934827
3571 0.1150662612
3572 0.1148914813
3573 0.1146736035
3574 0.1144183303
3575 0.1141325103
3576 0.1138243453
3577 0.1135024927
3578 0.1131759801
3579 0.1128534540
3580 0.1125424966
3581 0.1122489232
3582 0.1119762311
3583 0.1117252464
3584 0.1114942186
3585 0.1112788690
3586 0.1110728532
3587 0.1108691852
3588 0.1106608615
3589 0.1104418717
3590 0.1102075986
3591 0.1099550491
3592 0.1096831220
3593 0.1093925907
3594 0.1090854013
3595 0.1087646243
3596 0.1084334423
3597 0.1080954116
3598 0.1077529400
3599 0.1074077084
3600 0.1070597535
3601 0.1067077794
3602 0.1063485236
3603 0.1059778696
3604 0.1055906520
3605 0.1051821718
3606 0.1047484468
3607 0.1042873659
3608 0.1037985315
3609 0.1032835258
3610 0.1027446853
3611 0.1021847778
3612 0.1016059964
3613 0.1010106605
3614 0.1004005649
3615 0.0997779875
3616 0.0991447420
3617 0.0985039592
3618 0.0978583577
3619 0.0972121400
3620 0.0965691999
3621 0.0959344878
3622 0.0953126415
3623 0.0947088525
3624 0.0941285120
3625 0.0935773482
3626 0.0930610927
3627 0.0925858609
3628 0.0921571967
3629 0.0917802339
3630 0.0914596265
3631 0.0911993095
3632 0.0910022438
3633 0.0908705664
3634 0.0908053592
3635 0.0908070007
3636 0.0908744769
3637 0.0910062687
3638 0.0911992324
3639 0.0914499387
3640 0.0917537743
3641 0.0921062156
3642 0.0925018968
3643 0.0929357929
3644 0.0934026024
3645 0.0938970600
3646 0.0944136215
3647 0.0949464666
3648 0.0954894015
3649 0.0960357168
3650 0.0965787997
3651 0.0971119518
3652 0.0976293217
3653 0.0981256158
3654 0.0985969400
3655 0.0990399487
3656 0.0994522840
3657 0.0998317440
3658 0.1001770959
3659 0.1004874841
3660 0.1007635938
3661 0.1010072270
3662 0.1012222679
3663 0.1014138306
3664 0.1015891026
3665 0.1017562960
3666 0.1019250677
3667 0.1021051468
3668 0.1023064237
3669 0.1025376102
3670 0.1028062799
3671 0.1031172075
3672 0.1034725473
3673 0.1038710999
3674 0.1043087123
3675 0.1047781963
3676 0.1052701546
3677 0.1057732746
3678 0.1062753079
3679 0.1067635333
3680 0.1072263206
3681 0.1076528554
3682 0.1080350792
3683 0.1083669223
3684 0.1086454399
3685 0.1088698942
3686 0.1090422658
3687 0.1091661413
3688 0.1092480920
3689 0.1092958007
3690 0.1093201989
3691 0.1093332681
3692 0.1093489322
3693 0.1093807902
3694 0.1094426350
3695 0.1095458038
3696 0.1097004853
3697 0.1099137793
3698 0.1101920623
3699 0.1105394624
3700 0.1109605107
3701 0.1114586320
3702 0.1120368493
3703 0.1126956481
3704 0.1134328743
3705 0.1142414331
3706 0.1151094965
3707 0.1160196829
3708 0.1169505957
3709 0.1178776735
3710 0.1187754824
3711 0.1196188918
3712 0.1203852273
3713 0.1210549234
3714 0.1216118312
3715 0.1220436001
3716 0.1223414999
3717 0.1225004650
3718 0.1225186268
3719 0.1223972394
3720 0.1221401728
3721 0.1217533426
3722 0.1212443756
3723 0.1206221854
3724 0.1198964159
3725 0.1190772294
3726 0.1181747575
3727 0.1171986131
3728 0.1161576441
3729 0.1150591866
3730 0.1139084280
3731 0.1127086163
3732 0.1114614035
3733 0.1101675809
3734 0.1088277007
3735 0.1074430059
3736 0.1060160654
3737 0.1045516668
3738 0.1030566811
3739 0.1015402120
3740 0.1000128604
3741 0.0984860283
3742 0.0969711476
3743 0.0954789154
3744 0.0940188432
3745 0.0925991178
3746 0.0912266654
3747 0.0899074364
3748 0.0886464407
3749 0.0874477532
3750 0.0863147492
3751 0.0852494556
3752 0.0842525107
3753 0.0833226983
3754 0.0824571261
3755 0.0816516716
3756 0.0809016959
3757 0.0802029790
3758 0.0795516280
3759 0.0789444689
3760 0.0783787080
3761 0.0778523039
3762 0.0773631106
3763 0.0769091399
3764 0.0764876875
3765 0.0760958063
3766 0.0757298019
3767 0.0753858379
3768 0.0750592263
3769 0.0747456505
3770 0.0744401630
3771 0.0741384551
3772 0.0738354503
3773 0.0735267989
3774 0.0732074023
3775 0.0728728973
3776 0.0725180129
3777 0.0721386375
3778 0.0717302276
3779 0.0712899810
3780 0.0708158994
3781 0.0703088971
3782 0.0697715568
3783 0.0692093926
3784 0.0686292762
3785 0.0680399158
3786 0.0674501625
3787 0.0668691972
3788 0.0663045196
3789 0.0657627370
3790 0.0652481735
3791 0.0647640322
3792 0.0643107462
3793 0.0638877129
3794 0.0634921268
3795 0.0631205806
3796 0.0627686039
3797 0.0624323429
3798 0.0621083118
3799 0.0617944689
3800 0.0614901086
3801 0.0611960894
3802 0.0609143744
3803 0.0606477909
3804 0.0603995304
3805 0.0601730189
3806 0.0599718326
3807 0.0597994855
3808 0.0596598778
3809 0.0595570068
3810 0.0594953881
3811 0.0594794263
3812 0.0595137944
3813 0.0596025858
3814 0.0597497127
3815 0.0599582146
3816 0.0602312755
3817 0.0605710061
3818 0.0609797471
3819 0.0614589894
3820 0.0620102531
3821 0.0626342298
3822 0.0633308522
3823 0.0640988356
3824 0.0649358267
3825 0.0658374047
3826 0.0667977483
3827 0.0678091215
3828 0.0688627608
3829 0.0699486463
3830 0.0710567420
3831 0.0721770045
3832 0.0732999311
3833 0.0744167966
3834 0.0755199228
3835 0.0766022674
3836 0.0776577353
3837 0.0786806015
3838 0.0796656096
3839 0.0806074774
3840 0.0815009483
3841 0.0823407782
3842 0.0831217160
3843 0.0838388340
3844 0.0844876901
3845 0.0850647073
3846 0.0855678206
3847 0.0859972866
3848 0.0863556707
3849 0.0866484071
3850 0.0868834686
3851 0.0870698728
3852 0.0872173594
3853 0.0873349761
3854 0.0874305782
3855 0.0875101935
3856 0.0875779322
3857 0.0876357213
3858 0.0876835278
3859 0.0877196056
3860 0.0877406773
3861 0.0877434426
3862 0.0877242322
3863 0.0876802141
3864 0.0876089080
3865 0.0875089072
3866 0.0873791427
3867 0.0872195963
3868 0.0870304680
3869 0.0868133703
3870 0.0865705353
3871 0.0863052565
3872 0.0860204856
3873 0.0857191932
3874 0.0854025828
3875 0.0850709845
3876 0.0847231917
3877 0.0843579130
3878 0.0839734948
3879 0.0835685063
3880 0.0831411450
3881 0.0826896604
3882 0.0822116512
3883 0.0817044773
3884 0.0811650197
3885 0.0805904822
3886 0.0799782334
3887 0.0793269670
3888 0.0786367245
3889 0.0779094769
3890 0.0771486286
3891 0.0763594368
3892 0.0755478442
3893 0.0747207119
3894 0.0738851758
3895 0.0730487978
3896 0.0722188115
3897 0.0714025976
3898 0.0706069164
3899 0.0698378563
3900 0.0691007344
3901 0.0684000028
3902 0.0677397903
3903 0.0671238367
3904 0.0665559905
3905 0.0660397496
3906 0.0655783436
3907 0.0651739560
3908 0.0648278054
3909 0.0645392832
3910 0.0643060011
3911 0.0641235782
3912 0.0639857467
3913 0.0638843425
3914 0.0638096506
3915 0.0637503795
3916 0.0636937737
3917 0.0636264381
3918 0.0635348765
3919 0.0634069749
3920 0.0632331765
3921 0.0630076094
3922 0.0627282859
3923 0.0623967561
3924 0.0620168619
3925 0.0615937452
3926 0.0611327820
3927 0.0606395438
3928 0.0601195592
3929 0.0595785427
3930 0.0590220567
3931 0.0584551078
3932 0.0578819241
3933 0.0573057036
3934 0.0567290254
3935 0.0561540514
3936 0.0555831901
3937 0.0550190358
3938 0.0544649382
3939 0.0539243818
3940 0.0534016686
3941 0.0529008369
3942 0.0524263668
3943 0.0519823155
3944 0.0515730620
3945 0.0512025509
3946 0.0508749479
3947 0.0505937349
3948 0.0503620166
3949 0.0501817305
3950 0.0500538383
3951 0.0499781852
3952 0.0499535464
3953 0.0499778071
3954 0.0500484623
3955 0.0501631320
3956 0.0503198145
3957 0.0505172008
3958 0.0507547679
3959 0.0510331450
3960 0.0513537674
3961 0.0517185128
3962 0.0521286729
3963 0.0525843298
3964 0.0530832769
3965 0.0536204256
3966 0.0541872270
3967 0.0547724576
3968 0.0553625445
3969 0.0559437604
3970 0.0565039218
3971 0.0570345176
3972 0.0575313059
3973 0.0579951012
3974 0.0584305634
3975 0.0588452991
3976 0.0592474812
3977 0.0596450909
3978 0.0600441413
3979 0.0604489031
3980 0.0608610878
3981 0.0612807307
3982 0.0617058877
3983 0.0621343877
3984 0.0625640809
3985 0.0629941207
3986 0.0634251437
3987 0.0638597038
3988 0.0643017879
3989 0.0647568928
3990 0.0652312446
3991 0.0657312893
3992 0.0662628338
3993 0.0668307182
3994 0.0674382708
3995 0.0680868850
3996 0.0687761028
3997 0.0695032962
3998 0.0702644915
3999 0.0710539086
4000 0.0718650544
4001 0.0726902806
4002 0.0735218238
4003 0.0743517740
4004 0.0751730379
4005 0.0759793227
4006 0.0767660323
4007 0.0775298829
4008 0.0782694488
4009 0.0789840855
4010 0.0796743832
4011 0.0803403661
4012 0.0809824293
4013 0.0815993981
4014 0.0821896969
4015 0.0827500280
4016 0.0832769564
4017 0.0837665229
4018 0.0842159435
4019 0.0846230483
4020 0.0849872278
4021 0.0853091922
4022 0.0855917097
4023 0.0858390259
4024 0.0860570600
4025 0.0862531916
4026 0.0864361756
4027 0.0866157742
4028 0.0868025747
4029 0.0870073374
4030 0.0872404238
4031 0.0875111361
4032 0.0878266157
4033 0.0881916003
4034 0.0886075393
4035 0.0890727452
4036 0.0895826951
4037 0.0901304212
4038 0.0907065719
4039 0.0913001140
4040 0.0918982718
4041 0.0924871423
4042 0.0930524054
4043 0.0935800461
4044 0.0940572722
4045 0.0944734702
4046 0.0948208317
4047 0.0950948139
4048 0.0952942258
4049 0.0954214255
4050 0.0954809801
4051 0.0954790908
4052 0.0954227602
4053 0.0953193394
4054 0.0951759086
4055 0.0949990052
4056 0.0947946451
4057 0.0945685347
4058 0.0943264907
4059 0.0940749410
4060 0.0938213521
4061 0.0935742491
4062 0.0933430265
4063 0.0931370522
4064 0.0929651451
4065 0.0928337680
4066 0.0927461107
4067 0.0927013245
4068 0.0926948531
4069 0.0927186310
4070 0.0927623035
4071 0.0928141438
4072 0.0928626249
4073 0.0928969729
4074 0.0929085783
4075 0.0928908483
4076 0.0928398678
4077 0.0927538663
4078 0.0926333288
4079 0.0924800364
4080 0.0922972551
4081 0.0920888880
4082 0.0918594406
4083 0.0916133698
4084 0.0913550357
4085 0.0910880051
4086 0.0908150943
4087 0.0905379617
4088 0.0902572915
4089 0.0899724086
4090 0.0896823297
4091 0.0893855690
4092 0.0890810185
4093 0.0887687260
4094 0.0884502344
4095 0.0881289239
4096 0.0878101121
4097 0.0875008122
4098 0.0872089565
4099 0.0869427773
4100 0.0867099600
4101 0.0865167539
4102 0.0863667745
4103 0.0862608455
4104 0.0861970283
4105 0.0861706262
4106 0.0861747098
4107 0.0862005319
4108 0.0862384321
4109 0.0862784980
4110 0.0863113686
4111 0.0863286128
4112 0.0863230885
4113 0.0862886462
4114 0.0862199665
4115 0.0861125449
4116 0.0859626706
4117 0.0857674304
4118 0.0855249950
4119 0.0852351145
4120 0.0848991889
4121 0.0845202373
4122 0.0841028761
4123 0.0836529226
4124 0.0831768457
4125 0.0826810975
4126 0.0821715039
4127 0.0816528358
4128 0.0811285140
4129 0.0806008176
4130 0.0800709591
4131 0.0795395368
4132 0.0790066676
4133 0.0784720849
4134 0.0779349140
4135 0.0773933369
4136 0.0768442838
4137 0.0762834383
4138 0.0757053430
4139 0.0751045966
4140 0.0744760540
4141 0.0738162028
4142 0.0731238940
4143 0.0724014153
4144 0.0716553098
4145 0.0708970061
4146 0.0701427123
4147 0.0694123425
4148 0.0687282200
4149 0.0681126319
4150 0.0675863900
4151 0.0671655917
4152 0.0668614398
4153 0.0666781939
4154 0.0666161793
4155 0.0666698704
4156 0.0668322510
4157 0.0670933014
4158 0.0674438554
4159 0.0678738789
4160 0.0683748005
4161 0.0689365367
4162 0.0695505186
4163 0.0702071050
4164 0.0708983567
4165 0.0716157952
4166 0.0723524221
4167 0.0731012404
4168 0.0738578076
4169 0.0746181076
4170 0.0753812814
4171 0.0761465706
4172 0.0769161364
4173 0.0776917355
4174 0.0784770290
4175 0.0792747324
4176 0.0800881896
4177 0.0809191500
4178 0.0817689054
4179 0.0826367069
4180 0.0835212860
4181 0.0844190452
4182 0.0853260976
4183 0.0862365209
4184 0.0871445217
4185 0.0880433893
4186 0.0889274981
4187 0.0897924664
4188 0.0906362443
4189 0.0914587590
4190 0.0922615948
4191 0.0930470648
4192 0.0938170387
4193 0.0945718985
4194 0.0953094787
4195 0.0960256789
4196 0.0967154147
4197 0.0973736258
4198 0.0979967740
4199 0.0985836377
4200 0.0991357686
4201 0.0996567049
4202 0.1001512856
4203 0.1006241432
4204 0.1010785338
4205 0.1015156121
4206 0.1019338315
4207 0.1023296015
4208 0.1026970594
4209 0.1030293420
4210 0.1033187783
4211 0.1035579929
4212 0.1037395034
4213 0.1038573213
4214 0.1039064115
4215 0.1038839037
4216 0.1037881903
4217 0.1036197996
4218 0.1033801507
4219 0.1030728565
4220 0.1027020584
4221 0.1022737630
4222 0.1017944239
4223 0.1012718044
4224 0.1007137504
4225 0.1001286497
4226 0.0995244796
4227 0.0989087735
4228 0.0982881380
4229 0.0976679591
4230 0.0970522277
4231 0.0964431020
4232 0.0958419892
4233 0.0952491214
4234 0.0946642645
4235 0.0940869146
4236 0.0935170945
4237 0.0929545495
4238 0.0923990823
4239 0.0918496031
4240 0.0913042649
4241 0.0907595817
4242 0.0902115478
4243 0.0896557581
4244 0.0890886403
4245 0.0885075726
4246 0.0879120859
4247 0.0873035908
4248 0.0866858953
4249 0.0860644620
4250 0.0854462636
4251 0.0848386592
4252 0.0842492339
4253 0.0836850410
4254 0.0831528874
4255 0.0826588625
4256 0.0822089086
4257 0.0818078188
4258 0.0814595369
4259 0.0811659970
4260 0.0809269867
4261 0.0807390924
4262 0.0805964503
4263 0.0804905703
4264 0.0804120342
4265 0.0803512215
4266 0.0802999893
4267 0.0802519143
4268 0.0802024789
4269 0.0801489299
4270 0.0800901693
4271 0.0800261190
4272 0.0799576739
4273 0.0798861046
4274 0.0798133191
4275 0.0797414496
4276 0.0796731433
4277 0.0796111543
4278 0.0795584529
4279 0.0795179462
4280 0.0794925149
4281 0.0794847715
4282 0.0794970289
4283 0.0795307117
4284 0.0795864304
4285 0.0796636602
4286 0.0797610299
4287 0.0798762060
4288 0.0800062770
4289 0.0801475908
4290 0.0802962769
4291 0.0804479768
4292 0.0805992376
4293 0.0807464428
4294 0.0808876692
4295 0.0810210664
4296 0.0811463135
4297 0.0812630259
4298 0.0813721830
4299 0.0814740610
4300 0.0815698582
4301 0.0816592467
4302 0.0817425009
4303 0.0818188271
4304 0.0818880472
4305 0.0819502009
4306 0.0820074899
4307 0.0820631774
4308 0.0821234167
4309 0.0821952063
4310 0.0822874172
4311 0.0824069691
4312 0.0825605125
4313 0.0827504892
4314 0.0829774440
4315 0.0832376675
4316 0.0835260678
4317 0.0838350111
4318 0.0841574218
4319 0.0844862663
4320 0.0848167153
4321 0.0851446586
4322 0.0854683622
4323 0.0857855482
4324 0.0860952417
4325 0.0863943201
4326 0.0866801787
4327 0.0869487230
4328 0.0871964118
4329 0.0874189630
4330 0.0876130473
4331 0.0877750100
4332 0.0879021369
4333 0.0879919415
4334 0.0880431406
4335 0.0880552475
4336 0.0880296676
4337 0.0879685504
4338 0.0878744062
4339 0.0877490995
4340 0.0875936003
4341 0.0874073561
4342 0.0871891558
4343 0.0869374120
4344 0.0866523278
4345 0.0863361890
4346 0.0859945838
4347 0.0856344403
4348 0.0852642654
4349 0.0848915673
4350 0.0845230001
4351 0.0841628833
4352 0.0838136447
4353 0.0834755643
4354 0.0831479843
4355 0.0828295327
4356 0.0825192766
4357 0.0822172393
4358 0.0819251754
4359 0.0816464484
4360 0.0813858251
4361 0.0811486516
4362 0.0809400213
4363 0.0807647188
4364 0.0806262779
4365 0.0805271685
4366 0.0804682725
4367 0.0804494160
4368 0.0804689423
4369 0.0805244099
4370 0.0806123317
4371 0.0807288415
4372 0.0808695753
4373 0.0810298407
4374 0.0812041098
4375 0.0813863214
4376 0.0815700420
4377 0.0817488435
4378 0.0819161963
4379 0.0820649296
4380 0.0821873482
4381 0.0822759901
4382 0.0823242933
4383 0.0823273543
4384 0.0822823087
4385 0.0821884341
4386 0.0820470003
4387 0.0818605481
4388 0.0816323484
4389 0.0813656021
4390 0.0810631158
4391 0.0807271275
4392 0.0803589785
4393 0.0799592051
4394 0.0795275873
4395 0.0790632403
4396 0.0785650235
4397 0.0780316293
4398 0.0774621764
4399 0.0768575870
4400 0.0762208023
4401 0.0755575031
4402 0.0748755322
4403 0.0741847891
4404 0.0734959990
4405 0.0728210442
4406 0.0721719284
4407 0.0715611860
4408 0.0710005003
4409 0.0705010280
4410 0.0700720993
4411 0.0697214506
4412 0.0694539336
4413 0.0692719484
4414 0.0691745663
4415 0.0691580850
4416 0.0692162644
4417 0.0693408312
4418 0.0695218406
4419 0.0697479537
4420 0.0700069403
4421 0.0702861959
4422 0.0705735581
4423 0.0708579434
4424 0.0711298285
4425 0.0713813815
4426 0.0716064836
4427 0.0718003070
4428 0.0719594081
4429 0.0720811632
4430 0.0721646766
4431 0.0722098124
4432 0.0722183048
4433 0.0721927023
4434 0.0721376054
4435 0.0720584942
4436 0.0719625845
4437 0.0718571054
4438 0.0717501762
4439 0.0716494954
4440 0.0715627530
4441 0.0714964649
4442 0.0714568444
4443 0.0714494833
4444 0.0714799157
4445 0.0715530666
4446 0.0716743664
4447 0.0718492207
4448 0.0720829007
4449 0.0723798136
4450 0.0727430966
4451 0.0731738871
4452 0.0736712429
4453 0.0742320162
4454 0.0748508653
4455 0.0755205799
4456 0.0762326137
4457 0.0769777112
4458 0.0777463951
4459 0.0785295551
4460 0.0793186420
4461 0.0801058093
4462 0.0808838421
4463 0.0816463116
4464 0.0823874171
4465 0.0831018882
4466 0.0837854628
4467 0.0844344542
4468 0.0850462578
4469 0.0856193925
4470 0.0861538752
4471 0.0866510898
4472 0.0871137875
4473 0.0875460481
4474 0.0879525931
4475 0.0883382701
4476 0.0887074445
4477 0.0890635112
4478 0.0894086111
4479 0.0897439395
4480 0.0900695396
4481 0.0903848677
4482 0.0906889184
4483 0.0909806949
4484 0.0912591707
4485 0.0915238455
4486 0.0917746007
4487 0.0920115772
4488 0.0922352746
4489 0.0924459642
4490 0.0926438487
4491 0.0928287162
4492 0.0930000314
4493 0.0931568382
4494 0.0932980731
4495 0.0934225958
4496 0.0935295722
4497 0.0936182887
4498 0.0936879792
4499 0.0937378722
4500 0.0937667567
4501 0.0937730507
4502 0.0937551299
4503 0.0937106426
4504 0.0936371385
4505 0.0935319729
4506 0.0933931418
4507 0.0932192517
4508 0.0930100571
4509 0.0927662864
4510 0.0924901474
4511 0.0921850046
4512 0.0918564247
4513 0.0915110558
4514 0.0911581467
4515 0.0908081339
4516 0.0904723730
4517 0.0901610623
4518 0.0898831452
4519 0.0896441447
4520 0.0894467323
4521 0.0892893352
4522 0.0891672610
4523 0.0890726551
4524 0.0889965619
4525 0.0889289699
4526 0.0888608112
4527 0.0887830138
4528 0.0886883494
4529 0.0885700028
4530 0.0884227368
4531 0.0882418235
4532 0.0880241833
4533 0.0877667829
4534 0.0874678009
4535 0.0871254963
4536 0.0867392870
4537 0.0863091270
4538 0.0858366130
4539 0.0853244206
4540 0.0847766578
4541 0.0841977517
4542 0.0835926550
4543 0.0829659157
4544 0.0823220683
4545 0.0816651332
4546 0.0809990935
4547 0.0803276989
4548 0.0796550606
4549 0.0789856775
4550 0.0783254596
4551 0.0776812806
4552 0.0770610973
4553 0.0764727935
4554 0.0759238668
4555 0.0754205124
4556 0.0749678311
4557 0.0745690796
4558 0.0742264621
4559 0.0739406066
4560 0.0737113586
4561 0.0735371157
4562 0.0734153623
4563 0.0733420782
4564 0.0733121968
4565 0.0733191332
4566 0.0733555782
4567 0.0734130631
4568 0.0734829587
4569 0.0735564983
4570 0.0736258342
4571 0.0736839520
4572 0.0737254899
4573 0.0737465912
4574 0.0737452653
4575 0.0737210032
4576 0.0736748839
4577 0.0736091693
4578 0.0735276362
4579 0.0734352647
4580 0.0733390422
4581 0.0732478922
4582 0.0731733833
4583 0.0731292302
4584 0.0731309634
4585 0.0731945048
4586 0.0733348153
4587 0.0735644742
4588 0.0738923185
4589 0.0743230115
4590 0.0748565430
4591 0.0754888363
4592 0.0762121040
4593 0.0770163234
4594 0.0778896887
4595 0.0788197666
4596 0.0797937266
4597 0.0807990639
4598 0.0818230200
4599 0.0828533687
4600 0.0838781434
4601 0.0848868077
4602 0.0858704359
4603 0.0868227159
4604 0.0877394238
4605 0.0886187119
4606 0.0894597781
4607 0.0902632050
4608 0.0910301188
4609 0.0917626686
4610 0.0924632662
4611 0.0931354033
4612 0.0937827251
4613 0.0944096294
4614 0.0950204234
4615 0.0956200115
4616 0.0962126755
4617 0.0968032597
4618 0.0973961491
4619 0.0979964648
4620 0.0986091285
4621 0.0992399677
4622 0.0998945911
4623 0.1005791115
4624 0.1012990325
4625 0.1020596687
4626 0.1028648841
4627 0.1037175185
4628 0.1046184612
4629 0.1055669944
4630 0.1065602873
4631 0.1075936031
4632 0.1086598650
4633 0.1097508544
4634 0.1108570831
4635 0.1119693795
4636 0.1130793582
4637 0.1141799984
4638 0.1152658404
4639 0.1163328032
4640 0.1173782178
4641 0.1184002889
4642 0.1193982064
4643 0.1203711963
4644 0.1213186145
4645 0.1222390636
4646 0.1231305124
4647 0.1239895022
4648 0.1248114496
4649 0.1255900126
4650 0.1263183317
4651 0.1269899090
4652 0.1275989982
4653 0.1281410802
4654 0.1286132202
4655 0.1290134438
4656 0.1293405222
4657 0.1295926103
4658 0.1297672659
4659 0.1298602478
4660 0.1298659925
4661 0.1297773899
4662 0.1295868854
4663 0.1292866298
4664 0.1288710124
4665 0.1283364405
4666 0.1276832743
4667 0.1269148083
4668 0.1260370048
4669 0.1250567778
4670 0.1239815031
4671 0.1228183478
4672 0.1215749160
4673 0.1202578580
4674 0.1188735380
4675 0.1174272420
4676 0.1159243635
4677 0.1143698147
4678 0.1127690611
4679 0.1111280126
4680 0.1094546131
4681 0.1077585909
4682 0.1060528354
4683 0.1043528296
4684 0.1026761950
4685 0.1010411424
4686 0.0994645266
4687 0.0979603263
4688 0.0965385327
4689 0.0952045856
4690 0.0939599266
4691 0.0928024949
4692 0.0917280925
4693 0.0907313594
4694 0.0898069174
4695 0.0889497636
4696 0.0881557554
4697 0.0874212213
4698 0.0867432211
4699 0.0861186625
4700 0.0855442929
4701 0.0850155355
4702 0.0845266829
4703 0.0840698613
4704 0.0836358250
4705 0.0832137351
4706 0.0827922304
4707 0.0823597992
4708 0.0819060255
4709 0.0814216603
4710 0.0808995238
4711 0.0803338999
4712 0.0797212410
4713 0.0790594538
4714 0.0783483156
4715 0.0775885885
4716 0.0767820284
4717 0.0759312118
4718 0.0750398490
4719 0.0741128724
4720 0.0731572988
4721 0.0721820747
4722 0.0711985207
4723 0.0702193420
4724 0.0692589138
4725 0.0683322926
4726 0.0674551113
4727 0.0666425501
4728 0.0659089809
4729 0.0652671641
4730 0.0647280986
4731 0.0643004554
4732 0.0639903086
4733 0.0638016786
4734 0.0637369098
4735 0.0637968707
4736 0.0639808151
4737 0.0642869666
4738 0.0647121733
4739 0.0652512668
4740 0.0658968602
4741 0.0666385318
4742 0.0674629927
4743 0.0683539162
4744 0.0692935712
4745 0.0702635821
4746 0.0712471957
4747 0.0722291373
4748 0.0731971734
4749 0.0741409512
4750 0.0750531853
4751 0.0759279307
4752 0.0767612723
4753 0.0775489964
4754 0.0782882182
4755 0.0789751457
4756 0.0796072333
4757 0.0801807779
4758 0.0806940763
4759 0.0811441368
4760 0.0815304138
4761 0.0818517931
4762 0.0821094207
4763 0.0823048162
4764 0.0824426732
4765 0.0825286508
4766 0.0825720017
4767 0.0825831914
4768 0.0825754772
4769 0.0825627100
4770 0.0825599728
4771 0.0825816357
4772 0.0826424288
4773 0.0827552338
4774 0.0829323247
4775 0.0831837957
4776 0.0835185307
4777 0.0839434148
4778 0.0844637422
4779 0.0850828134
4780 0.0858027198
4781 0.0866240730
4782 0.0875473681
4783 0.0885721016
4784 0.0896969266
4785 0.0909176020
4786 0.0922269248
4787 0.0936124285
4788 0.0950586238
4789 0.0965461200
4790 0.0980549632
4791 0.0995641813
4792 0.1010553204
4793 0.1025111137
4794 0.1039185332
4795 0.1052664355
4796 0.1065472715
4797 0.1077548259
4798 0.1088855773
4799 0.1099366161
4800 0.1109071641
4801 0.1117972552
4802 0.1126089872
4803 0.1133451455
4804 0.1140102074
4805 0.1146091418
4806 0.1151478224
4807 0.1156319304
4808 0.1160670485
4809 0.1164573605
4810 0.1168054770
4811 0.1171114756
4812 0.1173735523
4813 0.1175876415
4814 0.1177483924
4815 0.1178499590
4816 0.1178872419
4817 0.1178565339
4818 0.1177562385
4819 0.1175871184
4820 0.1173518332
4821 0.1170546120
4822 0.1166999975
4823 0.1162924118
4824 0.1158351286
4825 0.1153308417
4826 0.1147812151
4827 0.1141876556
4828 0.1135517311
4829 0.1128762328
4830 0.1121652114
4831 0.1114246747
4832 0.1106620839
4833 0.1098864743
4834 0.1091066795
4835 0.1083315650
4836 0.1075685921
4837 0.1068245267
4838 0.1061046736
4839 0.1054135920
4840 0.1047546676
4841 0.1041311999
4842 0.1035453103
4843 0.1029985361
4844 0.1024903309
4845 0.1020184625
4846 0.1015778747
4847 0.1011621768
4848 0.1007632931
4849 0.1003732719
4850 0.0999844064
4851 0.0995912770
4852 0.0991899809
4853 0.0987792315
4854 0.0983592399
4855 0.0979320846
4856 0.0975004379
4857 0.0970674507
4858 0.0966358158
4859 0.0962075637
4860 0.0957832063
4861 0.0953623439
4862 0.0949434578
4863 0.0945246378
4864 0.0941033377
4865 0.0936766456
4866 0.0932414277
4867 0.0927942613
4868 0.0923315124
4869 0.0918489019
4870 0.0913422236
4871 0.0908077308
4872 0.0902425910
4873 0.0896449058
4874 0.0890149380
4875 0.0883544373
4876 0.0876675558
4877 0.0869599399
4878 0.0862398232
4879 0.0855166953
4880 0.0848014881
4881 0.0841062076
4882 0.0834434284
4883 0.0828259848
4884 0.0822661853
4885 0.0817751373
4886 0.0813619399
4887 0.0810335336
4888 0.0807940819
4889 0.0806454369
4890 0.0805871624
4891 0.0806168369
4892 0.0807307360
4893 0.0809236326
4894 0.0811899499
4895 0.0815232280
4896 0.0819174176
4897 0.0823656213
4898 0.0828614679
4899 0.0833978202
4900 0.0839680331
4901 0.0845640133
4902 0.0851780166
4903 0.0858009141
4904 0.0864243250
4905 0.0870386917
4906 0.0876361741
4907 0.0882086067
4908 0.0887500476
4909 0.0892553959
4910 0.0897218781
4911 0.0901478691
4912 0.0905340100
4913 0.0908817162
4914 0.0911938999
4915 0.0914735022
4916 0.0917239695
4917 0.0919481134
4918 0.0921496436
4919 0.0923320188
4920 0.0925006017
4921 0.0926622146
4922 0.0928272302
4923 0.0930080791
4924 0.0932202266
4925 0.0934796837
4926 0.0938030970
4927 0.0942038386
4928 0.0946924183
4929 0.0952736056
4930 0.0959472819
4931 0.0967065081
4932 0.0975394571
4933 0.0984290990
4934 0.0993553371
4935 0.1002956718
4936 0.1012269628
4937 0.1021264311
4938 0.1029730504
4939 0.1037484162
4940 0.1044373625
4941 0.1050279304
4942 0.1055120483
4943 0.1058842345
4944 0.1061427091
4945 0.1062877065
4946 0.1063224133
4947 0.1062514351
4948 0.1060820038
4949 0.1058222290
4950 0.1054827322
4951 0.1050745471
4952 0.1046100756
4953 0.1041013274
4954 0.1035607168
4955 0.1029995931
4956 0.1024291353
4957 0.1018599230
4958 0.1013026074
4959 0.1007671758
4960 0.1002633368
4961 0.0997994156
4962 0.0993821455
4963 0.0990158976
4964 0.0987026277
4965 0.0984416289
4966 0.0982298362
4967 0.0980620761
4968 0.0979315461
4969 0.0978300822
4970 0.0977487001
4971 0.0976781235
4972 0.0976096216
4973 0.0975355169
4974 0.0974497232
4975 0.0973484906
4976 0.0972308461
4977 0.0970990981
4978 0.0969587844
4979 0.0968186912
4980 0.0966903760
4981 0.0965874557
4982 0.0965245277
4983 0.0965161995
4984 0.0965758225
4985 0.0967148777
4986 0.0969423256
4987 0.0972650039
4988 0.0976875785
4989 0.0982134230
4990 0.0988440236
4991 0.0995795951
4992 0.1004178715
4993 0.1013541825
4994 0.1023807329
4995 0.1034868703
4996 0.1046591292
4997 0.1058825216
4998 0.1071412754
4999 0.1084203946
