frame_index	MSD_A2
0 0.0000000000
1 0.0000000049
2 0.0000000774
3 0.0000003694
4 0.0000011028
5 0.0000025710
6 0.0000050886
7 0.0000089941
8 0.0000148401
9 0.0000229994
10 0.0000341647
11 0.0000490466
12 0.0000692010
13 0.0000970615
14 0.0001360664
15 0.0001923762
16 0.0002756561
17 0.0004010788
18 0.0005933789
19 0.0008917709
20 0.0013578750
21 0.0020902699
22 0.0032450794
23 0.0050733890
24 0.0079745863
25 0.0125830119
26 0.0198688298
27 0.0312128223
28 0.0483024465
29 0.0726044646
30 0.1042869022
31 0.1414021764
32 0.1804135119
33 0.2177189122
34 0.2510849533
35 0.2797107822
36 0.3036904581
37 0.3235811195
38 0.3400579774
39 0.3536859494
40 0.3647864170
41 0.3734615213
42 0.3796049584
43 0.3831382059
44 0.3840587394
45 0.3825028236
46 0.3787714117
47 0.3732916047
48 0.3665692602
49 0.3590818873
50 0.3512542534
51 0.3433924951
52 0.3357139920
53 0.3283471804
54 0.3213050137
55 0.3145468255
56 0.3079953591
57 0.3015570208
58 0.2951055502
59 0.2885443175
60 0.2817664049
61 0.2747022891
62 0.2672614393
63 0.2593841147
64 0.2510066756
65 0.2420790883
66 0.2325579177
67 0.2224151317
68 0.2116482090
69 0.2003041102
70 0.1884591827
71 0.1762538520
72 0.1638344539
73 0.1513604330
74 0.1390033696
75 0.1269270003
76 0.1152759239
77 0.1041714418
78 0.0937325918
79 0.0841042061
80 0.0754500056
81 0.0679445195
82 0.0617190613
83 0.0568047055
84 0.0531378586
85 0.0505478711
86 0.0487940181
87 0.0475882250
88 0.0466463730
89 0.0457063965
90 0.0445687490
91 0.0431003128
92 0.0412512369
93 0.0390572827
94 0.0366366529
95 0.0341873007
96 0.0319685950
97 0.0302844602
98 0.0294534755
99 0.0298027695
100 0.0316503509
101 0.0352961963
102 0.0410150270
103 0.0490472524
104 0.0595858077
105 0.0727497739
106 0.0885501261
107 0.1068517013
108 0.1273053395
109 0.1493679627
110 0.1722361809
111 0.1949318341
112 0.2163043711
113 0.2351312120
114 0.2502440176
115 0.2606683361
116 0.2657705955
117 0.2653650970
118 0.2597151279
119 0.2495126632
120 0.2357715451
121 0.2196934991
122 0.2025401533
123 0.1855429987
124 0.1697968583
125 0.1562506898
126 0.1456855562
127 0.1387244086
128 0.1358319970
129 0.1372934343
130 0.1431680882
131 0.1532510212
132 0.1670160901
133 0.1836431316
134 0.2020772375
135 0.2211301633
136 0.2395771900
137 0.2562494276
138 0.2700629964
139 0.2800800929
140 0.2855076784
141 0.2857219764
142 0.2803489834
143 0.2692994865
144 0.2528250672
145 0.2315423611
146 0.2064237271
147 0.1788110888
148 0.1503541241
149 0.1228954849
150 0.0983253349
151 0.0783766250
152 0.0643611615
153 0.0569371183
154 0.0559722221
155 0.0606211971
156 0.0696209858
157 0.0816743485
158 0.0956922973
159 0.1107529378
160 0.1259283663
161 0.1402414834
162 0.1528252827
163 0.1631693973
164 0.1712784656
165 0.1776361239
166 0.1830048168
167 0.1881743230
168 0.1937902756
169 0.2002465308
170 0.2076475806
171 0.2158271448
172 0.2243774000
173 0.2327168662
174 0.2401745679
175 0.2460880270
176 0.2498860073
177 0.2511623862
178 0.2497488219
179 0.2457499500
180 0.2395344261
181 0.2317037157
182 0.2230263147
183 0.2143406027
184 0.2064555305
185 0.2000188526
186 0.1953933722
187 0.1925768558
188 0.1911952912
189 0.1906031544
190 0.1901419365
191 0.1893236061
192 0.1879659309
193 0.1861599353
194 0.1841263521
195 0.1820040647
196 0.1797682604
197 0.1772317461
198 0.1740932632
199 0.1700359056
200 0.1648362229
201 0.1583757293
202 0.1506913011
203 0.1419663430
204 0.1325058249
205 0.1226950670
206 0.1129476226
207 0.1036759435
208 0.0952626271
209 0.0880907525
210 0.0826079774
211 0.0793828009
212 0.0790684070
213 0.0822036462
214 0.0890082188
215 0.0992406581
216 0.1121743815
217 0.1266682559
218 0.1412659365
219 0.1543821059
220 0.1644615536
221 0.1701442088
222 0.1704508484
223 0.1648108905
224 0.1533669840
225 0.1371188636
226 0.1180022865
227 0.0986394936
228 0.0817681462
229 0.0696612932
230 0.0637573630
231 0.0646100587
232 0.0720476076
233 0.0854337241
234 0.1039427924
235 0.1267215853
236 0.1529871240
237 0.1820091484
238 0.2129896711
239 0.2448582289
240 0.2760815442
241 0.3044075688
242 0.3268721172
243 0.3400782383
244 0.3409094837
245 0.3275430279
246 0.3003177611
247 0.2619298091
248 0.2168202109
249 0.1701799115
250 0.1270184266
251 0.0915152588
252 0.0666398958
253 0.0537966563
254 0.0526208550
255 0.0611268585
256 0.0764926019
257 0.0961225262
258 0.1182756005
259 0.1419434491
260 0.1664107032
261 0.1909435026
262 0.2147059019
263 0.2368360902
264 0.2564857010
265 0.2729480357
266 0.2856211142
267 0.2941191207
268 0.2982677194
269 0.2980931119
270 0.2938032943
271 0.2857349912
272 0.2742951311
273 0.2599226705
274 0.2430631774
275 0.2241413103
276 0.2035682197
277 0.1817440439
278 0.1590676533
279 0.1359663902
280 0.1129270793
281 0.0905410156
282 0.0695450859
283 0.0508480961
284 0.0355266342
285 0.0247994656
286 0.0199538848
287 0.0221572572
288 0.0321822575
289 0.0500630976
290 0.0748829074
291 0.1049924519
292 0.1386471003
293 0.1743563342
294 0.2104454766
295 0.2446291167
296 0.2747311866
297 0.3002251849
298 0.3228647535
299 0.3457147326
300 0.3715925800
301 0.4019845499
302 0.4364632850
303 0.4722287211
304 0.5036835615
305 0.5228345829
306 0.5220988331
307 0.4989324901
308 0.4582647576
309 0.4097094302
310 0.3625988867
311 0.3231509171
312 0.2941723574
313 0.2758762362
314 0.2668216764
315 0.2646914084
316 0.2668545563
317 0.2707520220
318 0.2741380189
319 0.2751783515
320 0.2724687126
321 0.2650394953
322 0.2523836913
323 0.2344980341
324 0.2119546020
325 0.1859308244
326 0.1580710525
327 0.1302473572
328 0.1042075384
329 0.0813302633
330 0.0625027710
331 0.0481620737
332 0.0384089730
333 0.0331357637
334 0.0320992622
335 0.0349448305
336 0.0412013474
337 0.0502778479
338 0.0614802675
339 0.0740375585
340 0.0871769403
341 0.1001910661
342 0.1124959301
343 0.1236850560
344 0.1335707727
345 0.1421622836
346 0.1496152768
347 0.1561814705
348 0.1621459261
349 0.1677811904
350 0.1732831295
351 0.1787203848
352 0.1839718393
353 0.1886721915
354 0.1921473024
355 0.1933799707
356 0.1910784542
357 0.1839123191
358 0.1710140013
359 0.1526362093
360 0.1305021605
361 0.1074729249
362 0.0865830304
363 0.0700555992
364 0.0587929871
365 0.0524849447
366 0.0501520493
367 0.0507232515
368 0.0534035173
369 0.0577234203
370 0.0634498424
371 0.0704262883
372 0.0784439805
373 0.0871570534
374 0.0960427983
375 0.1044253562
376 0.1115711221
377 0.1168326097
378 0.1197975726
379 0.1203670963
380 0.1187638236
381 0.1154220369
382 0.1108662350
383 0.1056021993
384 0.1000407660
385 0.0944476744
386 0.0889039643
387 0.0832671988
388 0.0771436751
389 0.0699299285
390 0.0610359507
391 0.0503169231
392 0.0384637588
393 0.0270454664
394 0.0180297852
395 0.0130533603
396 0.0128454037
397 0.0170324840
398 0.0243177347
399 0.0329070750
400 0.0410083033
401 0.0472455481
402 0.0508780886
403 0.0518114428
404 0.0504644960
405 0.0475918406
406 0.0441245964
407 0.0410454460
408 0.0392931420
409 0.0396897939
410 0.0428902475
411 0.0493399258
412 0.0592378856
413 0.0725466816
414 0.0889745047
415 0.1079758420
416 0.1288217259
417 0.1505893648
418 0.1722441712
419 0.1927468736
420 0.2111792282
421 0.2268692723
422 0.2395052547
423 0.2491652606
424 0.2562458676
425 0.2613942131
426 0.2653537548
427 0.2689430715
428 0.2728891134
429 0.2777742420
430 0.2839236325
431 0.2913290193
432 0.2996797049
433 0.3084431663
434 0.3169866128
435 0.3247043627
436 0.3312641140
437 0.3368034094
438 0.3419520692
439 0.3475758779
440 0.3544133962
441 0.3628016385
442 0.3725320244
443 0.3828672129
444 0.3926881627
445 0.4007474441
446 0.4059114406
447 0.4074090486
448 0.4049373746
449 0.3986352995
450 0.3889302796
451 0.3763822319
452 0.3615473497
453 0.3449116005
454 0.3268547323
455 0.3076569086
456 0.2875143770
457 0.2665691987
458 0.2449748901
459 0.2229471001
460 0.2008060575
461 0.1790153739
462 0.1581791798
463 0.1390089392
464 0.1222786822
465 0.1087017369
466 0.0988257873
467 0.0929400426
468 0.0910110462
469 0.0927108560
470 0.0974954474
471 0.1047185213
472 0.1137352684
473 0.1239566110
474 0.1348529789
475 0.1459498938
476 0.1568029396
477 0.1670202966
478 0.1763005783
479 0.1844465490
480 0.1913888702
481 0.1971802967
482 0.2019772877
483 0.2060084547
484 0.2095412677
485 0.2127175381
486 0.2155664205
487 0.2179431479
488 0.2195440805
489 0.2200399629
490 0.2192472361
491 0.2172171493
492 0.2141917950
493 0.2104687347
494 0.2062610308
495 0.2016379367
496 0.1965321058
497 0.1908005312
498 0.1842829155
499 0.1768457936
500 0.1684094319
501 0.1589785971
502 0.1487145722
503 0.1380324706
504 0.1276722859
505 0.1187191858
506 0.1125133798
507 0.1105145024
508 0.1140697613
509 0.1241889832
510 0.1413145670
511 0.1651593085
512 0.1946804132
513 0.2281368988
514 0.2632976060
515 0.2977827266
516 0.3294176383
517 0.3565410142
518 0.3781464486
519 0.3938908914
520 0.4039793199
521 0.4090241021
522 0.4099088439
523 0.4077037207
524 0.4035829719
525 0.3987196154
526 0.3941250775
527 0.3905087474
528 0.3881501413
529 0.3868950775
530 0.3862373377
531 0.3855233570
532 0.3841455963
533 0.3817119571
534 0.3781013952
535 0.3734099811
536 0.3678802557
537 0.3617730396
538 0.3553464621
539 0.3487599981
540 0.3420000962
541 0.3348541129
542 0.3268699548
543 0.3174740050
544 0.3061847577
545 0.2929255548
546 0.2782565607
547 0.2633732620
548 0.2498944407
549 0.2395127367
550 0.2335968719
551 0.2327496429
552 0.2364577406
553 0.2430734044
554 0.2503583842
555 0.2563859602
556 0.2602376339
557 0.2620164500
558 0.2624756534
559 0.2626376242
560 0.2634587562
561 0.2656378223
562 0.2695308338
563 0.2751913045
564 0.2824561491
565 0.2910032713
566 0.3003661721
567 0.3099136992
568 0.3188631471
569 0.3263087825
570 0.3312943161
571 0.3328838339
572 0.3302788195
573 0.3229405012
574 0.3106672924
575 0.2936563230
576 0.2725074065
577 0.2481731540
578 0.2218720589
579 0.1949717535
580 0.1688699104
581 0.1448884719
582 0.1241777434
583 0.1076766008
584 0.0960926338
585 0.0899698119
586 0.0897821493
587 0.0960256659
588 0.1092768307
589 0.1301485551
590 0.1591871253
591 0.1967476181
592 0.2428835707
593 0.2972565856
594 0.3590478072
595 0.4268841011
596 0.4986979198
597 0.5716501879
598 0.6421254480
599 0.7059770811
600 0.7591273220
601 0.7985082630
602 0.8231011153
603 0.8341935982
604 0.8347473495
605 0.8282005922
606 0.8175106047
607 0.8047060968
608 0.7908911800
609 0.7764901005
610 0.7615618384
611 0.7459475000
612 0.7293935739
613 0.7116378479
614 0.6925672889
615 0.6721916978
616 0.6506735237
617 0.6282946803
618 0.6054199984
619 0.5825025857
620 0.5601272380
621 0.5389744855
622 0.5196585911
623 0.5025619906
624 0.4874682140
625 0.4734104354
626 0.4587254159
627 0.4414295015
628 0.4198937283
629 0.3935297327
630 0.3630835409
631 0.3303602559
632 0.2975728767
633 0.2667195531
634 0.2392594844
635 0.2160705584
636 0.1975622292
637 0.1838132116
638 0.1747359997
639 0.1701702603
640 0.1699453228
641 0.1738500927
642 0.1815646087
643 0.1925506036
644 0.2059937901
645 0.2208146370
646 0.2358050448
647 0.2498767049
648 0.2623724885
649 0.2733064089
650 0.2834295225
651 0.2940827786
652 0.3069017229
653 0.3234659320
654 0.3450573889
655 0.3724533538
656 0.4058212211
657 0.4446645448
658 0.4878546142
659 0.5337154761
660 0.5801608783
661 0.6248842363
662 0.6655308351
663 0.6998796586
664 0.7260246761
665 0.7424917636
666 0.7483628010
667 0.7433670797
668 0.7279383391
669 0.7031826382
670 0.6708053956
671 0.6330007066
672 0.5922399433
673 0.5510246729
674 0.5115964713
675 0.4756707834
676 0.4442802626
677 0.4179704478
678 0.3973074050
679 0.3832416508
680 0.3766988459
681 0.3777591749
682 0.3852616262
683 0.3969769849
684 0.4101233284
685 0.4221303384
686 0.4315108353
687 0.4384437449
688 0.4446175567
689 0.4523360357
690 0.4635334211
691 0.4789123428
692 0.4975259970
693 0.5168604282
694 0.5336094085
695 0.5447965517
696 0.5485013697
697 0.5440795945
698 0.5321118446
699 0.5141801014
700 0.4925948251
701 0.4700227572
702 0.4490536413
703 0.4317802907
704 0.4194372424
705 0.4120946051
706 0.4085247102
707 0.4065665668
708 0.4043438799
709 0.4016539619
710 0.3999916511
711 0.4013231074
712 0.4069809761
713 0.4172980680
714 0.4316811234
715 0.4487250339
716 0.4663277671
717 0.4817724062
718 0.4921672170
719 0.4952181943
720 0.4899773108
721 0.4768833566
722 0.4571532130
723 0.4320513390
724 0.4026089701
725 0.3698486795
726 0.3352882362
727 0.3012484663
728 0.2704955010
729 0.2454276052
730 0.2272904771
731 0.2157132958
732 0.2086975730
733 0.2034891108
734 0.1983313064
735 0.1938641535
736 0.1927393623
737 0.1979231572
738 0.2112911018
739 0.2332942977
740 0.2631302989
741 0.2990086417
742 0.3383098242
743 0.3777647957
744 0.4137392826
745 0.4426177524
746 0.4610811997
747 0.4664486178
748 0.4570543708
749 0.4326822384
750 0.3948766053
751 0.3468326855
752 0.2929733861
753 0.2382593502
754 0.1874913217
755 0.1446679012
756 0.1126918689
757 0.0932257534
758 0.0867040636
759 0.0923998256
760 0.1086470407
761 0.1332309552
762 0.1638351170
763 0.1984477834
764 0.2354832443
765 0.2735708560
766 0.3111440497
767 0.3461411520
768 0.3760502559
769 0.3981949870
770 0.4100592405
771 0.4095957715
772 0.3956821594
773 0.3687250226
774 0.3310424154
775 0.2864671394
776 0.2393875981
777 0.1938590915
778 0.1531671656
779 0.1196833425
780 0.0948597449
781 0.0790855353
782 0.0714950993
783 0.0700168197
784 0.0722676370
785 0.0771153203
786 0.0854714777
787 0.0994415659
788 0.1208776368
789 0.1506309760
790 0.1884614186
791 0.2332086198
792 0.2829714805
793 0.3352608564
794 0.3870132634
795 0.4346129080
796 0.4740838655
797 0.5017518751
798 0.5154348118
799 0.5152396519
800 0.5032895942
801 0.4826635118
802 0.4563812792
803 0.4269796083
804 0.3965444519
805 0.3668642792
806 0.3395382490
807 0.3159758803
808 0.2972863451
809 0.2840481342
810 0.2760288874
811 0.2719125935
812 0.2693198385
813 0.2655084106
814 0.2586862288
815 0.2489038928
816 0.2375932700
817 0.2263904444
818 0.2163265374
819 0.2076943777
820 0.2002750604
821 0.1937036753
822 0.1877914002
823 0.1826951604
824 0.1788555673
825 0.1767686810
826 0.1767350005
827 0.1787227958
828 0.1825145504
829 0.1881445330
830 0.1962423402
831 0.2078560238
832 0.2237039730
833 0.2434261824
834 0.2653526356
835 0.2868234561
836 0.3048289883
837 0.3166509521
838 0.3202732299
839 0.3146052525
840 0.2996027804
841 0.2762998364
842 0.2466860570
843 0.2133701603
844 0.1791158478
845 0.1464564011
846 0.1174713146
847 0.0935343019
848 0.0751005049
849 0.0621769726
850 0.0555892848
851 0.0570597407
852 0.0673157641
853 0.0847139868
854 0.1056687391
855 0.1259522295
856 0.1418270197
857 0.1509440255
858 0.1530058375
859 0.1496107675
860 0.1432861043
861 0.1365369201
862 0.1313774637
863 0.1292644567
864 0.1311690463
865 0.1376522420
866 0.1489191104
867 0.1648450651
868 0.1849981758
869 0.2086847878
870 0.2350142725
871 0.2629604780
872 0.2914012458
873 0.3191373721
874 0.3449922180
875 0.3678505857
876 0.3867900828
877 0.4011618794
878 0.4106384714
879 0.4152586697
880 0.4153958510
881 0.4116714581
882 0.4048657272
883 0.3958158279
884 0.3853176119
885 0.3740752487
886 0.3627272064
887 0.3519239265
888 0.3424333026
889 0.3352187119
890 0.3313808533
891 0.3319468479
892 0.3375689628
893 0.3482686000
894 0.3632897846
895 0.3811412459
896 0.3997581473
897 0.4167760579
898 0.4298613703
899 0.4370691121
900 0.4370968343
901 0.4294668826
902 0.4145075049
903 0.3931936450
904 0.3669087257
905 0.3372377128
906 0.3057882651
907 0.2741056975
908 0.2436072806
909 0.2155272679
910 0.1908693015
911 0.1703757337
912 0.1545469977
913 0.1437262565
914 0.1381980530
915 0.1382037839
916 0.1438321629
917 0.1548320759
918 0.1704342508
919 0.1892646682
920 0.2093389730
921 0.2282374571
922 0.2434457972
923 0.2529787323
924 0.2559162743
925 0.2526291971
926 0.2445371427
927 0.2335078076
928 0.2213271493
929 0.2093806404
930 0.1985853853
931 0.1895267399
932 0.1826264894
933 0.1782256464
934 0.1765293176
935 0.1775542442
936 0.1811281634
937 0.1869126449
938 0.1944428876
939 0.2032678705
940 0.2131540345
941 0.2242163579
942 0.2368038669
943 0.2511418687
944 0.2670221134
945 0.2837987883
946 0.3006476003
947 0.3168569451
948 0.3319395382
949 0.3456400474
950 0.3578912404
951 0.3687683336
952 0.3784586494
953 0.3871827902
954 0.3951146050
955 0.4023239436
956 0.4087998263
957 0.4145413336
958 0.4196710623
959 0.4244741685
960 0.4293513044
961 0.4346733846
962 0.4406062688
963 0.4470062709
964 0.4533792941
965 0.4589852300
966 0.4629813841
967 0.4646762406
968 0.4637311058
969 0.4601910303
970 0.4543006254
971 0.4463324877
972 0.4365332006
973 0.4253023107
974 0.4133021893
975 0.4013803267
976 0.3902421761
977 0.3803377373
978 0.3718499365
979 0.3647438129
980 0.3587669527
981 0.3534473236
982 0.3481587793
983 0.3422396121
984 0.3350796615
985 0.3262832063
986 0.3157098986
987 0.3035136946
988 0.2900935708
989 0.2759840546
990 0.2617026291
991 0.2475970135
992 0.2337254000
993 0.2199961391
994 0.2065775895
995 0.1943153588
996 0.1846992310
997 0.1793379558
998 0.1793720348
999 0.1851277769
1000 0.1960668144
1001 0.2109427736
1002 0.2280891283
1003 0.2457601785
1004 0.2624366892
1005 0.2771321561
1006 0.2896633449
1007 0.3007310370
1008 0.3115667474
1009 0.3232714132
1010 0.3364552149
1011 0.3513090012
1012 0.3677505752
1013 0.3855991755
1014 0.4044770107
1015 0.4237538148
1016 0.4425546993
1017 0.4597498042
1018 0.4740372131
1019 0.4840479260
1020 0.4885879494
1021 0.4869792763
1022 0.4793442716
1023 0.4666390202
1024 0.4503930375
1025 0.4323148449
1026 0.4139485801
1027 0.3965047993
1028 0.3809292896
1029 0.3680117560
1030 0.3584641751
1031 0.3527424178
1032 0.3506622197
1033 0.3511863041
1034 0.3528068527
1035 0.3544387779
1036 0.3559661165
1037 0.3579539271
1038 0.3610704881
1039 0.3657722561
1040 0.3722001048
1041 0.3801324097
1042 0.3889487985
1043 0.3977038813
1044 0.4054774025
1045 0.4118830534
1046 0.4174708270
1047 0.4235814970
1048 0.4317998142
1049 0.4432934809
1050 0.4584001483
1051 0.4764750321
1052 0.4960945795
1053 0.5156329206
1054 0.5339027216
1055 0.5504930615
1056 0.5655343109
1057 0.5792323336
1058 0.5915460674
1059 0.6022317138
1060 0.6109913126
1061 0.6176354507
1062 0.6221009736
1063 0.6244183788
1064 0.6246247518
1065 0.6227005735
1066 0.6184779486
1067 0.6116845462
1068 0.6019863826
1069 0.5890289982
1070 0.5724930075
1071 0.5522113188
1072 0.5282167207
1073 0.5008062524
1074 0.4705425016
1075 0.4381992536
1076 0.4047638335
1077 0.3713790936
1078 0.3392770158
1079 0.3096274863
1080 0.2833153243
1081 0.2607596057
1082 0.2418472015
1083 0.2260763582
1084 0.2128244683
1085 0.2015596825
1086 0.1919214404
1087 0.1836557357
1088 0.1765137867
1089 0.1701906729
1090 0.1643026358
1091 0.1584388821
1092 0.1523225753
1093 0.1460925267
1094 0.1404758338
1095 0.1366240454
1096 0.1356797687
1097 0.1384765858
1098 0.1454982559
1099 0.1568597487
1100 0.1722139485
1101 0.1907199491
1102 0.2112231038
1103 0.2325285881
1104 0.2536328301
1105 0.2738526190
1106 0.2928243843
1107 0.3103830347
1108 0.3264493376
1109 0.3409434266
1110 0.3537295555
1111 0.3645988142
1112 0.3733003586
1113 0.3795811952
1114 0.3832530804
1115 0.3842537424
1116 0.3827055455
1117 0.3789682152
1118 0.3736702138
1119 0.3676955138
1120 0.3621226649
1121 0.3580886524
1122 0.3565983283
1123 0.3583317912
1124 0.3635146293
1125 0.3718414882
1126 0.3825559870
1127 0.3946875428
1128 0.4073898169
1129 0.4202355353
1130 0.4332278031
1131 0.4465726410
1132 0.4603562514
1133 0.4744190204
1134 0.4883314672
1135 0.5014729483
1136 0.5130893695
1137 0.5223390120
1138 0.5283686168
1139 0.5303103015
1140 0.5273467878
1141 0.5188001949
1142 0.5042692165
1143 0.4836974810
1144 0.4574576889
1145 0.4263282129
1146 0.3914578139
1147 0.3542599430
1148 0.3162876232
1149 0.2790888286
1150 0.2440356711
1151 0.2121603663
1152 0.1840777830
1153 0.1599611592
1154 0.1396101178
1155 0.1225945227
1156 0.1084196604
1157 0.0966942707
1158 0.0872419806
1159 0.0801339223
1160 0.0756200259
1161 0.0740233062
1162 0.0756158479
1163 0.0804984690
1164 0.0885220805
1165 0.0992705216
1166 0.1121468902
1167 0.1265133498
1168 0.1418750998
1169 0.1579668009
1170 0.1746715551
1171 0.1918400194
1172 0.2091490537
1173 0.2261180008
1174 0.2422648140
1175 0.2573015949
1176 0.2712333583
1177 0.2843598809
1178 0.2971965811
1179 0.3103538034
1180 0.3243986765
1181 0.3397118485
1182 0.3563477904
1183 0.3739530276
1184 0.3917734484
1185 0.4087460173
1186 0.4237098442
1187 0.4356079085
1188 0.4436827006
1189 0.4475603643
1190 0.4471799000
1191 0.4426814106
1192 0.4342165705
1193 0.4218723388
1194 0.4056176699
1195 0.3854031484
1196 0.3613511221
1197 0.3339827024
1198 0.3044213442
1199 0.2744210970
1200 0.2462079589
1201 0.2220749040
1202 0.2039969883
1203 0.1932929300
1204 0.1904476707
1205 0.1950433294
1206 0.2058477596
1207 0.2210756976
1208 0.2387919021
1209 0.2572507992
1210 0.2750721194
1211 0.2911519739
1212 0.3044868770
1213 0.3140589291
1214 0.3188521468
1215 0.3180168043
1216 0.3110817344
1217 0.2981780163
1218 0.2800744223
1219 0.2580029889
1220 0.2333686422
1221 0.2074138455
1222 0.1810668323
1223 0.1550779406
1224 0.1303346767
1225 0.1080855363
1226 0.0897497143
1227 0.0764689860
1228 0.0687420254
1229 0.0663337683
1230 0.0684653394
1231 0.0740916206
1232 0.0821345954
1233 0.0916282377
1234 0.1017491387
1235 0.1118425226
1236 0.1213999474
1237 0.1300670860
1238 0.1376582238
1239 0.1441732270
1240 0.1497706467
1241 0.1547588659
1242 0.1595191227
1243 0.1644586284
1244 0.1699336399
1245 0.1761903563
1246 0.1833262017
1247 0.1912670819
1248 0.1997830180
1249 0.2085188697
1250 0.2170750993
1251 0.2250407448
1252 0.2320862953
1253 0.2379830606
1254 0.2426224505
1255 0.2460362241
1256 0.2483702943
1257 0.2498571373
1258 0.2507602109
1259 0.2513073584
1260 0.2516344278
1261 0.2517493339
1262 0.2515523028
1263 0.2508893762
1264 0.2495886347
1265 0.2474780740
1266 0.2444357743
1267 0.2405569419
1268 0.2363806357
1269 0.2328640605
1270 0.2310043624
1271 0.2313540517
1272 0.2337770329
1273 0.2375234987
1274 0.2414792386
1275 0.2444432046
1276 0.2453671946
1277 0.2435293634
1278 0.2386204171
1279 0.2307492241
1280 0.2203722406
1281 0.2081655890
1282 0.1948955361
1283 0.1813760186
1284 0.1685692534
1285 0.1577508457
1286 0.1504552797
1287 0.1480490868
1288 0.1511658125
1289 0.1594563437
1290 0.1718741598
1291 0.1872089686
1292 0.2044838493
1293 0.2230192112
1294 0.2422910102
1295 0.2617884261
1296 0.2810030700
1297 0.2994417913
1298 0.3166786922
1299 0.3323905859
1300 0.3464027868
1301 0.3587674461
1302 0.3698170328
1303 0.3801502625
1304 0.3905417980
1305 0.4017658661
1306 0.4144248276
1307 0.4287992037
1308 0.4447757302
1309 0.4618467744
1310 0.4792769458
1311 0.4963418772
1312 0.5124740569
1313 0.5272048550
1314 0.5399940124
1315 0.5500408516
1316 0.5562658657
1317 0.5574907910
1318 0.5527603978
1319 0.5416822114
1320 0.5245889969
1321 0.5024804388
1322 0.4767596941
1323 0.4489398102
1324 0.4203891985
1325 0.3922008982
1326 0.3651294418
1327 0.3396055979
1328 0.3158200939
1329 0.2937576078
1330 0.2732544561
1331 0.2540804583
1332 0.2359514874
1333 0.2185845604
1334 0.2017397647
1335 0.1852355475
1336 0.1689770140
1337 0.1529897295
1338 0.1374271430
1339 0.1225562459
1340 0.1087346776
1341 0.0963659110
1342 0.0858391266
1343 0.0774534522
1344 0.0713962439
1345 0.0677079135
1346 0.0662840652
1347 0.0669136357
1348 0.0693030769
1349 0.0731179615
1350 0.0779827466
1351 0.0834993884
1352 0.0892258829
1353 0.0947432475
1354 0.0996968731
1355 0.1038681251
1356 0.1072215286
1357 0.1099567254
1358 0.1124493518
1359 0.1152466792
1360 0.1189437740
1361 0.1240577185
1362 0.1309847373
1363 0.1399438164
1364 0.1509721806
1365 0.1639432562
1366 0.1786673514
1367 0.1949424830
1368 0.2126124087
1369 0.2316142204
1370 0.2519715449
1371 0.2737367884
1372 0.2969131551
1373 0.3214107660
1374 0.3469411556
1375 0.3729797156
1376 0.3988087436
1377 0.4236202438
1378 0.4467020038
1379 0.4676388773
1380 0.4863861829
1381 0.5031928965
1382 0.5184196936
1383 0.5323935766
1384 0.5453821718
1385 0.5575571755
1386 0.5689842506
1387 0.5796319255
1388 0.5893491424
1389 0.5978718583
1390 0.6048469925
1391 0.6098722772
1392 0.6125387050
1393 0.6124972177
1394 0.6095180211
1395 0.6035148333
1396 0.5945218208
1397 0.5826814226
1398 0.5681637014
1399 0.5510840563
1400 0.5314570673
1401 0.5091109452
1402 0.4837601692
1403 0.4551304820
1404 0.4232034773
1405 0.3885650670
1406 0.3525173110
1407 0.3169055307
1408 0.2837119487
1409 0.2544812498
1410 0.2299514493
1411 0.2099888879
1412 0.1938334923
1413 0.1805137256
1414 0.1691968590
1415 0.1593411767
1416 0.1506810842
1417 0.1431212219
1418 0.1366370983
1419 0.1312143605
1420 0.1268308277
1421 0.1234646165
1422 0.1211075895
1423 0.1197705979
1424 0.1194889865
1425 0.1203018466
1426 0.1222244978
1427 0.1252170176
1428 0.1291446307
1429 0.1337821876
1430 0.1388265790
1431 0.1439876362
1432 0.1491248470
1433 0.1543805726
1434 0.1602524133
1435 0.1675174727
1436 0.1770690236
1437 0.1897164608
1438 0.2060041634
1439 0.2261110187
1440 0.2498114038
1441 0.2765131307
1442 0.3053297073
1443 0.3352201240
1444 0.3650936842
1445 0.3938829878
1446 0.4206208803
1447 0.4444543359
1448 0.4646241508
1449 0.4805176293
1450 0.4915454240
1451 0.4972516449
1452 0.4974096108
1453 0.4920797926
1454 0.4816949898
1455 0.4670493715
1456 0.4490963727
1457 0.4287833546
1458 0.4068665581
1459 0.3838806071
1460 0.3601796821
1461 0.3360957618
1462 0.3121063719
1463 0.2889805169
1464 0.2677984256
1465 0.2498506650
1466 0.2364135170
1467 0.2285314866
1468 0.2268448817
1469 0.2314682143
1470 0.2419755722
1471 0.2574231535
1472 0.2764441261
1473 0.2974034884
1474 0.3185762172
1475 0.3383590986
1476 0.3554249942
1477 0.3688116830
1478 0.3779630122
1479 0.3827079530
1480 0.3831772431
1481 0.3797619718
1482 0.3730228639
1483 0.3636404022
1484 0.3523833526
1485 0.3400499085
1486 0.3273844457
1487 0.3150064527
1488 0.3033230134
1489 0.2925014589
1490 0.2824894911
1491 0.2730912012
1492 0.2640836666
1493 0.2553310743
1494 0.2467966043
1495 0.2384880332
1496 0.2303453335
1497 0.2221343402
1498 0.2135096088
1499 0.2042440016
1500 0.1945643139
1501 0.1852933667
1502 0.1775912241
1503 0.1725039966
1504 0.1705292528
1505 0.1714371555
1506 0.1743322598
1507 0.1779181331
1508 0.1808282853
1509 0.1819367885
1510 0.1805508349
1511 0.1764662622
1512 0.1699038312
1513 0.1613983220
1514 0.1516914907
1515 0.1416036057
1516 0.1319230767
1517 0.1232669719
1518 0.1159700876
1519 0.1100100746
1520 0.1050551744
1521 0.1006573202
1522 0.0965594370
1523 0.0929585115
1524 0.0905510006
1525 0.0903089685
1526 0.0931173533
1527 0.0994937766
1528 0.1094933611
1529 0.1228338838
1530 0.1390707550
1531 0.1577193882
1532 0.1782561532
1533 0.2000611956
1534 0.2223886306
1535 0.2444418395
1536 0.2654573068
1537 0.2849970523
1538 0.3029263798
1539 0.3192250041
1540 0.3336974360
1541 0.3458235879
1542 0.3548798328
1543 0.3602024754
1544 0.3613747779
1545 0.3583057656
1546 0.3512028425
1547 0.3405322264
1548 0.3269703760
1549 0.3113876990
1550 0.2947780679
1551 0.2781591727
1552 0.2624430132
1553 0.2482775139
1554 0.2359557050
1555 0.2253996019
1556 0.2162564155
1557 0.2080942144
1558 0.2006064310
1559 0.1937257581
1560 0.1875906587
1561 0.1823744335
1562 0.1781367640
1563 0.1747200190
1564 0.1717330622
1565 0.1685917628
1566 0.1646299958
1567 0.1592932040
1568 0.1522970093
1569 0.1437496759
1570 0.1341619048
1571 0.1243951713
1572 0.1155997051
1573 0.1091405301
1574 0.1064143386
1575 0.1085637954
1576 0.1161800549
1577 0.1290940115
1578 0.1463904036
1579 0.1667094255
1580 0.1888105860
1581 0.2121135994
1582 0.2367733355
1583 0.2631933234
1584 0.2914588990
1585 0.3210322345
1586 0.3507652428
1587 0.3790496116
1588 0.4040263617
1589 0.4238331648
1590 0.4368836678
1591 0.4421335272
1592 0.4392694727
1593 0.4287438970
1594 0.4116520576
1595 0.3894320597
1596 0.3635327652
1597 0.3352060880
1598 0.3055491746
1599 0.2756827058
1600 0.2469404620
1601 0.2208368640
1602 0.1987619973
1603 0.1816248346
1604 0.1696019638
1605 0.1621314329
1606 0.1580928303
1607 0.1560533702
1608 0.1545267143
1609 0.1522594040
1610 0.1485369403
1611 0.1433871757
1612 0.1375775628
1613 0.1324027954
1614 0.1293381718
1615 0.1297376322
1616 0.1347066528
1617 0.1451892108
1618 0.1620978437
1619 0.1862213133
1620 0.2178710540
1621 0.2564664025
1622 0.3004673261
1623 0.3474912609
1624 0.3945759257
1625 0.4385567792
1626 0.4765794853
1627 0.5066782307
1628 0.5281572802
1629 0.5415392105
1630 0.5480738472
1631 0.5491391121
1632 0.5458821386
1633 0.5391387034
1634 0.5295227073
1635 0.5175805529
1636 0.5039265728
1637 0.4893002089
1638 0.4745429726
1639 0.4604699654
1640 0.4477296342
1641 0.4366940451
1642 0.4274059956
1643 0.4196311056
1644 0.4129560746
1645 0.4068986820
1646 0.4009870442
1647 0.3947275278
1648 0.3876092053
1649 0.3790997262
1650 0.3687162828
1651 0.3561031085
1652 0.3411986351
1653 0.3243425850
1654 0.3063390189
1655 0.2883283825
1656 0.2715375037
1657 0.2569992901
1658 0.2453112311
1659 0.2365093609
1660 0.2301149902
1661 0.2253584436
1662 0.2214338311
1663 0.2176993484
1664 0.2136847304
1665 0.2090279175
1666 0.2034904283
1667 0.1970069111
1668 0.1898198179
1669 0.1825566970
1670 0.1762287121
1671 0.1720917965
1672 0.1713195863
1673 0.1746256867
1674 0.1818992477
1675 0.1920374938
1676 0.2031607165
1677 0.2132591685
1678 0.2210462060
1679 0.2264761728
1680 0.2305348934
1681 0.2345495580
1682 0.2395404129
1683 0.2459558079
1684 0.2537370471
1685 0.2625106365
1686 0.2717874581
1687 0.2810885046
1688 0.2899622814
1689 0.2979419837
1690 0.3045044630
1691 0.3090937157
1692 0.3111673870
1693 0.3102405480
1694 0.3059377587
1695 0.2980242788
1696 0.2864790032
1697 0.2715986435
1698 0.2540828514
1699 0.2350703039
1700 0.2160705601
1701 0.1988285715
1702 0.1850547615
1703 0.1760505021
1704 0.1723649238
1705 0.1737883362
1706 0.1796650967
1707 0.1891955186
1708 0.2013468013
1709 0.2147184302
1710 0.2275627258
1711 0.2380190242
1712 0.2444161184
1713 0.2457143640
1714 0.2420178442
1715 0.2349298398
1716 0.2272423700
1717 0.2219468606
1718 0.2211041990
1719 0.2252263345
1720 0.2332788223
1721 0.2431030892
1722 0.2520303720
1723 0.2575190062
1724 0.2576763029
1725 0.2515294141
1726 0.2390824401
1727 0.2213027934
1728 0.2000109792
1729 0.1775904650
1730 0.1565417188
1731 0.1390476078
1732 0.1266733033
1733 0.1202387629
1734 0.1197700238
1735 0.1245481184
1736 0.1332644063
1737 0.1443079284
1738 0.1561418020
1739 0.1676462430
1740 0.1782218396
1741 0.1876840671
1742 0.1960798441
1743 0.2035815949
1744 0.2104718976
1745 0.2171712811
1746 0.2242646379
1747 0.2324372355
1748 0.2423118595
1749 0.2542844839
1750 0.2683297604
1751 0.2838581619
1752 0.2997412479
1753 0.3145672415
1754 0.3270604198
1755 0.3364657736
1756 0.3426772532
1757 0.3461156204
1758 0.3475258331
1759 0.3478414505
1760 0.3481124569
1761 0.3494664702
1762 0.3529922042
1763 0.3595196704
1764 0.3693534145
1765 0.3820295194
1766 0.3962256291
1767 0.4099763516
1768 0.4212930355
1769 0.4289462813
1770 0.4330103546
1771 0.4347301018
1772 0.4358487609
1773 0.4379328113
1774 0.4420203415
1775 0.4485447826
1776 0.4574236777
1777 0.4682159270
1778 0.4802361675
1779 0.4926482105
1780 0.5045405444
1781 0.5150067619
1782 0.5232350818
1783 0.5286073094
1784 0.5307777970
1785 0.5296644205
1786 0.5254091400
1787 0.5183068853
1788 0.5087134662
1789 0.4969717928
1790 0.4833709393
1791 0.4681038806
1792 0.4512673630
1793 0.4329178616
1794 0.4131272691
1795 0.3920739199
1796 0.3700930158
1797 0.3476772368
1798 0.3254230079
1799 0.3039170309
1800 0.2836843428
1801 0.2651632578
1802 0.2487765787
1803 0.2349687084
1804 0.2241188823
1805 0.2163202748
1806 0.2111912283
1807 0.2079190255
1808 0.2054323775
1809 0.2026718980
1810 0.1988406252
1811 0.1934985541
1812 0.1866447730
1813 0.1786445242
1814 0.1701336081
1815 0.1618778421
1816 0.1546069377
1817 0.1488604218
1818 0.1448916936
1819 0.1426391446
1820 0.1417908306
1821 0.1418994897
1822 0.1425034732
1823 0.1432040636
1824 0.1437055212
1825 0.1438352980
1826 0.1435461395
1827 0.1429180957
1828 0.1421620424
1829 0.1416003927
1830 0.1416366913
1831 0.1427272041
1832 0.1453279430
1833 0.1498543534
1834 0.1566329775
1835 0.1658958321
1836 0.1778104966
1837 0.1926124618
1838 0.2108197448
1839 0.2333472090
1840 0.2613376872
1841 0.2956547494
1842 0.3361952930
1843 0.3814394051
1844 0.4283710786
1845 0.4728829499
1846 0.5106906750
1847 0.5382966749
1848 0.5538392204
1849 0.5573336093
1850 0.5502467006
1851 0.5347857411
1852 0.5132294320
1853 0.4875100122
1854 0.4591874910
1855 0.4295570343
1856 0.3999402350
1857 0.3717910504
1858 0.3466568722
1859 0.3259143968
1860 0.3104470287
1861 0.3004610130
1862 0.2955123074
1863 0.2946924598
1864 0.2967866826
1865 0.3003910025
1866 0.3040581084
1867 0.3064342460
1868 0.3063881523
1869 0.3030885359
1870 0.2960309049
1871 0.2850330812
1872 0.2701379112
1873 0.2515363767
1874 0.2295777640
1875 0.2050223827
1876 0.1793936552
1877 0.1551187488
1878 0.1350693426
1879 0.1217731946
1880 0.1167716740
1881 0.1203024805
1882 0.1312766931
1883 0.1475171132
1884 0.1663973434
1885 0.1857231533
1886 0.2043727929
1887 0.2222278227
1888 0.2396905683
1889 0.2571871673
1890 0.2748759318
1891 0.2924883170
1892 0.3092099458
1893 0.3236316502
1894 0.3339482977
1895 0.3384126342
1896 0.3358985137
1897 0.3263235205
1898 0.3106136494
1899 0.2903415171
1900 0.2672610317
1901 0.2430058612
1902 0.2189417002
1903 0.1961162198
1904 0.1752707845
1905 0.1568737912
1906 0.1411796813
1907 0.1282898309
1908 0.1181967328
1909 0.1107915556
1910 0.1058359930
1911 0.1029279015
1912 0.1014820686
1913 0.1007536247
1914 0.0998991684
1915 0.0980858534
1916 0.0946572175
1917 0.0893369842
1918 0.0823586862
1919 0.0744317937
1920 0.0665142937
1921 0.0595177100
1922 0.0540663097
1923 0.0503971485
1924 0.0483676339
1925 0.0475615137
1926 0.0474480425
1927 0.0475538555
1928 0.0476127157
1929 0.0476342233
1930 0.0478813613
1931 0.0487721996
1932 0.0507504041
1933 0.0541488036
1934 0.0590891576
1935 0.0654381757
1936 0.0727961805
1937 0.0805694978
1938 0.0880444215
1939 0.0944633822
1940 0.0990815858
1941 0.1012230374
1942 0.1004034087
1943 0.0965533664
1944 0.0902579605
1945 0.0828478480
1946 0.0761680166
1947 0.0721576966
1948 0.0724056411
1949 0.0778533933
1950 0.0886583994
1951 0.1042056167
1952 0.1232134961
1953 0.1439008056
1954 0.1642397821
1955 0.1823116932
1956 0.1967005779
1957 0.2067917425
1958 0.2127841053
1959 0.2154032849
1960 0.2155014355
1961 0.2137610754
1962 0.2106006618
1963 0.2062493376
1964 0.2009292832
1965 0.1950111828
1966 0.1891389313
1967 0.1842270115
1968 0.1813091302
1969 0.1812305089
1970 0.1842849143
1971 0.1899960843
1972 0.1973337278
1973 0.2053866822
1974 0.2140711419
1975 0.2242964889
1976 0.2375976173
1977 0.2555879149
1978 0.2794603956
1979 0.3096142057
1980 0.3453973592
1981 0.3849098956
1982 0.4249303084
1983 0.4611466801
1984 0.4889762306
1985 0.5050115345
1986 0.5084343026
1987 0.5013002732
1988 0.4873880782
1989 0.4706175157
1990 0.4539377667
1991 0.4389421065
1992 0.4259859537
1993 0.4145189869
1994 0.4035488934
1995 0.3921982190
1996 0.3801195341
1997 0.3675712536
1998 0.3551412519
1999 0.3434014698
2000 0.3326716035
2001 0.3229983504
2002 0.3143207419
2003 0.3066207674
2004 0.3000216650
2005 0.2948386751
2006 0.2915270519
2007 0.2905621636
2008 0.2923067925
2009 0.2968363558
2010 0.3038526214
2011 0.3126493158
2012 0.3221499322
2013 0.3310510007
2014 0.3379741317
2015 0.3417065537
2016 0.3413850366
2017 0.3366327259
2018 0.3275568952
2019 0.3146708688
2020 0.2987461835
2021 0.2806932097
2022 0.2614835470
2023 0.2421291264
2024 0.2236918613
2025 0.2072248989
2026 0.1936491407
2027 0.1835483679
2028 0.1769901958
2029 0.1734502686
2030 0.1719228945
2031 0.1711883436
2032 0.1701394680
2033 0.1680763237
2034 0.1647481678
2035 0.1602735516
2036 0.1549737815
2037 0.1492206741
2038 0.1433902378
2039 0.1378285157
2040 0.1329152617
2041 0.1290739186
2042 0.1268152962
2043 0.1267369032
2044 0.1294702738
2045 0.1356442404
2046 0.1457765868
2047 0.1601741547
2048 0.1788325769
2049 0.2013440924
2050 0.2268784215
2051 0.2541942763
2052 0.2817582167
2053 0.3078900400
2054 0.3309445646
2055 0.3494369604
2056 0.3621838553
2057 0.3683982887
2058 0.3677409393
2059 0.3603533990
2060 0.3468227122
2061 0.3280886143
2062 0.3053134674
2063 0.2797858571
2064 0.2528189298
2065 0.2256572592
2066 0.1993925766
2067 0.1748723589
2068 0.1526746626
2069 0.1331632317
2070 0.1165681372
2071 0.1030166400
2072 0.0925819432
2073 0.0853152809
2074 0.0812884542
2075 0.0805823837
2076 0.0832155773
2077 0.0890147538
2078 0.0974672526
2079 0.1076162472
2080 0.1180191373
2081 0.1268219121
2082 0.1320584578
2083 0.1321519067
2084 0.1264433094
2085 0.1154600497
2086 0.1007481563
2087 0.0843942727
2088 0.0684958334
2089 0.0547957955
2090 0.0444934292
2091 0.0382971881
2092 0.0366554874
2093 0.0399258918
2094 0.0482775489
2095 0.0613796936
2096 0.0781784135
2097 0.0969842732
2098 0.1157786163
2099 0.1326339434
2100 0.1459541417
2101 0.1546731622
2102 0.1583445616
2103 0.1571594386
2104 0.1518843820
2105 0.1437180098
2106 0.1340546246
2107 0.1242482855
2108 0.1154475358
2109 0.1085181085
2110 0.1040960930
2111 0.1026524130
2112 0.1045505629
2113 0.1100278840
2114 0.1191481248
2115 0.1317208458
2116 0.1473088034
2117 0.1652872322
2118 0.1850186781
2119 0.2059800744
2120 0.2278958105
2121 0.2507362832
2122 0.2746747888
2123 0.2999566988
2124 0.3268439358
2125 0.3554717548
2126 0.3857421272
2127 0.4172143226
2128 0.4489992785
2129 0.4796799803
2130 0.5073052053
2131 0.5295535189
2132 0.5441091417
2133 0.5492215383
2134 0.5443353051
2135 0.5303273963
2136 0.5091964738
2137 0.4834379765
2138 0.4554610299
2139 0.4272749757
2140 0.4003909347
2141 0.3758860072
2142 0.3544756439
2143 0.3365573119
2144 0.3221983561
2145 0.3111601259
2146 0.3029385787
2147 0.2968489637
2148 0.2921263800
2149 0.2880258646
2150 0.2838947867
2151 0.2792104695
2152 0.2735758134
2153 0.2666887010
2154 0.2583559019
2155 0.2485510530
2156 0.2374943400
2157 0.2256567804
2158 0.2136564776
2159 0.2021349481
2160 0.1916922448
2161 0.1828411359
2162 0.1759796212
2163 0.1713311700
2164 0.1689518933
2165 0.1688212153
2166 0.1709801028
2167 0.1756471068
2168 0.1831400402
2169 0.1935901716
2170 0.2066211342
2171 0.2212264891
2172 0.2359011344
2173 0.2489939916
2174 0.2591421769
2175 0.2656147341
2176 0.2683893522
2177 0.2680586764
2178 0.2656127110
2179 0.2621913072
2180 0.2588373392
2181 0.2562806276
2182 0.2547830924
2183 0.2540791247
2184 0.2535843914
2185 0.2529083792
2186 0.2525196681
2187 0.2539647834
2188 0.2593872864
2189 0.2705343687
2190 0.2878056359
2191 0.3095528300
2192 0.3318982447
2193 0.3496398519
2194 0.3585319692
2195 0.3571815477
2196 0.3468498471
2197 0.3297876817
2198 0.3079485617
2199 0.2827107582
2200 0.2554589008
2201 0.2281793145
2202 0.2032528798
2203 0.1826424730
2204 0.1674296182
2205 0.1578762720
2206 0.1537975706
2207 0.1549039784
2208 0.1609782789
2209 0.1718900781
2210 0.1874839487
2211 0.2073808138
2212 0.2307670080
2213 0.2562594211
2214 0.2819536608
2215 0.3058695962
2216 0.3265174470
2217 0.3433047489
2218 0.3564219553
2219 0.3663969796
2220 0.3736736349
2221 0.3784983231
2222 0.3810924565
2223 0.3818335785
2224 0.3811601545
2225 0.3791806856
2226 0.3753759626
2227 0.3686912936
2228 0.3580751383
2229 0.3431862633
2230 0.3248544723
2231 0.3049189986
2232 0.2856737742
2233 0.2692730153
2234 0.2574008547
2235 0.2511104000
2236 0.2507552157
2237 0.2559627587
2238 0.2656410173
2239 0.2780332229
2240 0.2909175230
2241 0.3019086819
2242 0.3088535817
2243 0.3102159197
2244 0.3053810795
2245 0.2948026642
2246 0.2800019173
2247 0.2631450652
2248 0.2464671300
2249 0.2317648931
2250 0.2202589735
2251 0.2128124376
2252 0.2100851654
2253 0.2123775666
2254 0.2193870878
2255 0.2301817060
2256 0.2434104212
2257 0.2575989226
2258 0.2713696972
2259 0.2835695866
2260 0.2933158537
2261 0.2999838204
2262 0.3031876223
2263 0.3027886896
2264 0.2989013590
2265 0.2920002374
2266 0.2829309679
2267 0.2728941995
2268 0.2632676864
2269 0.2553100869
2270 0.2498505663
2271 0.2471161469
2272 0.2467399127
2273 0.2479697746
2274 0.2500724597
2275 0.2527991057
2276 0.2566295889
2277 0.2626219106
2278 0.2719638963
2279 0.2854013758
2280 0.3026383329
2281 0.3218757246
2282 0.3396813718
2283 0.3518751985
2284 0.3557695051
2285 0.3519580255
2286 0.3435114584
2287 0.3337356021
2288 0.3248022943
2289 0.3175581764
2290 0.3118942494
2291 0.3072783575
2292 0.3033263789
2293 0.3002071248
2294 0.2987320510
2295 0.3000113597
2296 0.3049610275
2297 0.3139753764
2298 0.3270034420
2299 0.3438153334
2300 0.3640070065
2301 0.3867268129
2302 0.4106661146
2303 0.4344390611
2304 0.4569710551
2305 0.4776032413
2306 0.4959328106
2307 0.5115688363
2308 0.5240136715
2309 0.5327540566
2310 0.5374011648
2311 0.5378228351
2312 0.5341887370
2313 0.5269377827
2314 0.5166893925
2315 0.5041399678
2316 0.4899598834
2317 0.4747091173
2318 0.4588026155
2319 0.4425277128
2320 0.4260552234
2321 0.4094487266
2322 0.3927150342
2323 0.3758583365
2324 0.3589305984
2325 0.3421440111
2326 0.3259161935
2327 0.3108700308
2328 0.2977521689
2329 0.2872805694
2330 0.2800009031
2331 0.2761795401
2332 0.2757719546
2333 0.2784628867
2334 0.2837328233
2335 0.2909336016
2336 0.2992914741
2337 0.3079406219
2338 0.3158918962
2339 0.3220419668
2340 0.3252463085
2341 0.3244404273
2342 0.3187695261
2343 0.3077589971
2344 0.2914694121
2345 0.2707347589
2346 0.2472206671
2347 0.2232284341
2348 0.2013024738
2349 0.1838318178
2350 0.1726627499
2351 0.1687061484
2352 0.1716442953
2353 0.1800492810
2354 0.1919149828
2355 0.2053790418
2356 0.2191669430
2357 0.2325768541
2358 0.2451861303
2359 0.2565826341
2360 0.2662276917
2361 0.2734737590
2362 0.2776071690
2363 0.2779534970
2364 0.2740246640
2365 0.2656672946
2366 0.2531816235
2367 0.2374088109
2368 0.2197650403
2369 0.2021270779
2370 0.1866393446
2371 0.1754573028
2372 0.1704696616
2373 0.1730565659
2374 0.1839414500
2375 0.2031079438
2376 0.2297576375
2377 0.2622602603
2378 0.2980289277
2379 0.3334880103
2380 0.3645710428
2381 0.3879746952
2382 0.4024469256
2383 0.4089934734
2384 0.4098631461
2385 0.4072936213
2386 0.4028589046
2387 0.3973853786
2388 0.3911242806
2389 0.3840293109
2390 0.3760305942
2391 0.3672549872
2392 0.3580884965
2393 0.3490870536
2394 0.3408355234
2395 0.3338506487
2396 0.3285633281
2397 0.3253336181
2398 0.3244558847
2399 0.3261443863
2400 0.3304777003
2401 0.3373345173
2402 0.3463081959
2403 0.3566694567
2404 0.3673426406
2405 0.3769965607
2406 0.3842569457
2407 0.3880818397
2408 0.3881526875
2409 0.3851578276
2410 0.3806841830
2411 0.3766952260
2412 0.3747980975
2413 0.3755281304
2414 0.3778658767
2415 0.3793582153
2416 0.3772821600
2417 0.3703768100
2418 0.3594243714
2419 0.3463065316
2420 0.3328036176
2421 0.3200615802
2422 0.3085572091
2423 0.2982472983
2424 0.2887260434
2425 0.2793691648
2426 0.2694998169
2427 0.2586082811
2428 0.2465553281
2429 0.2336695843
2430 0.2206836025
2431 0.2085747432
2432 0.1983417158
2433 0.1908189566
2434 0.1865127058
2435 0.1854681763
2436 0.1871670782
2437 0.1905243817
2438 0.1940108795
2439 0.1960870080
2440 0.1958088696
2441 0.1932374029
2442 0.1893431754
2443 0.1853343442
2444 0.1819191270
2445 0.1786847781
2446 0.1738885858
2447 0.1650718236
2448 0.1507166805
2449 0.1317767125
2450 0.1113405658
2451 0.0928290201
2452 0.0787390459
2453 0.0704769038
2454 0.0687453723
2455 0.0739041962
2456 0.0860869725
2457 0.1051408685
2458 0.1304560993
2459 0.1608509153
2460 0.1944920798
2461 0.2290066803
2462 0.2616960614
2463 0.2898599314
2464 0.3111331555
2465 0.3237988444
2466 0.3270153673
2467 0.3208656217
2468 0.3062513798
2469 0.2847039622
2470 0.2581532680
2471 0.2287117322
2472 0.1984980042
2473 0.1695226002
2474 0.1435744348
2475 0.1221490902
2476 0.1063812799
2477 0.0970055643
2478 0.0943784695
2479 0.0985733162
2480 0.1094635213
2481 0.1266617180
2482 0.1492701929
2483 0.1756166049
2484 0.2031232876
2485 0.2283316510
2486 0.2472521533
2487 0.2563377921
2488 0.2540520425
2489 0.2418359856
2490 0.2233763052
2491 0.2027255667
2492 0.1827552319
2493 0.1646744056
2494 0.1485090521
2495 0.1341213931
2496 0.1219979935
2497 0.1132290826
2498 0.1089507125
2499 0.1098527427
2500 0.1159822706
2501 0.1267825932
2502 0.1411790144
2503 0.1577258705
2504 0.1748464514
2505 0.1910839172
2506 0.2053586157
2507 0.2170669847
2508 0.2260347560
2509 0.2323498262
2510 0.2362069887
2511 0.2378008665
2512 0.2373126702
2513 0.2349837460
2514 0.2311454558
2515 0.2262627969
2516 0.2209030473
2517 0.2156261747
2518 0.2108562054
2519 0.2067456110
2520 0.2031229117
2521 0.1995333189
2522 0.1953116719
2523 0.1897313059
2524 0.1821263297
2525 0.1720204752
2526 0.1592138463
2527 0.1438959082
2528 0.1266855599
2529 0.1086751749
2530 0.0913516299
2531 0.0764317450
2532 0.0656091114
2533 0.0602809282
2534 0.0613051769
2535 0.0688273279
2536 0.0822174957
2537 0.1001256119
2538 0.1206823424
2539 0.1417942176
2540 0.1614888886
2541 0.1781565606
2542 0.1907030144
2543 0.1986095648
2544 0.2019307488
2545 0.2012289557
2546 0.1974430383
2547 0.1917205207
2548 0.1852249621
2549 0.1789850541
2550 0.1737869769
2551 0.1701277666
2552 0.1682332075
2553 0.1680866582
2554 0.1694917483
2555 0.1720996160
2556 0.1754483974
2557 0.1790425075
2558 0.1825000278
2559 0.1857120807
2560 0.1889065857
2561 0.1925650863
2562 0.1972273267
2563 0.2032804067
2564 0.2108326242
2565 0.2196481756
2566 0.2291667965
2567 0.2385946307
2568 0.2469981580
2569 0.2534458363
2570 0.2571187896
2571 0.2574155020
2572 0.2540007394
2573 0.2468802491
2574 0.2364220874
2575 0.2233596108
2576 0.2087150637
2577 0.1936262448
2578 0.1790881613
2579 0.1656930003
2580 0.1534552369
2581 0.1419535193
2582 0.1307873071
2583 0.1200751120
2584 0.1105994285
2585 0.1034965903
2586 0.0997651510
2587 0.0999143237
2588 0.1038231614
2589 0.1108132592
2590 0.1197955010
2591 0.1294753276
2592 0.1385518270
2593 0.1459606063
2594 0.1510516121
2595 0.1537333080
2596 0.1544871159
2597 0.1542044932
2598 0.1538903658
2599 0.1543367493
2600 0.1559128407
2601 0.1585099741
2602 0.1616175722
2603 0.1644981308
2604 0.1663725495
2605 0.1665716460
2606 0.1646542495
2607 0.1604741660
2608 0.1541445218
2609 0.1459686136
2610 0.1363911749
2611 0.1259245319
2612 0.1151046074
2613 0.1044943505
2614 0.0946966341
2615 0.0863347368
2616 0.0799888551
2617 0.0760560688
2618 0.0746174435
2619 0.0754568622
2620 0.0783178727
2621 0.0832649286
2622 0.0908067458
2623 0.1016045824
2624 0.1159973430
2625 0.1336859426
2626 0.1536922355
2627 0.1744958229
2628 0.1942578773
2629 0.2110755864
2630 0.2232308511
2631 0.2294482787
2632 0.2290535946
2633 0.2220408061
2634 0.2090561998
2635 0.1912822626
2636 0.1702823440
2637 0.1478357215
2638 0.1257579438
2639 0.1057348246
2640 0.0891647873
2641 0.0770554264
2642 0.0699687525
2643 0.0680279808
2644 0.0710221582
2645 0.0784856445
2646 0.0897567604
2647 0.1040337342
2648 0.1204366097
2649 0.1381097746
2650 0.1563334789
2651 0.1745887719
2652 0.1925849575
2653 0.2102076969
2654 0.2274248517
2655 0.2441562447
2656 0.2601433029
2657 0.2748706722
2658 0.2875883499
2659 0.2974608721
2660 0.3037224811
2661 0.3058705124
2662 0.3038339017
2663 0.2980013969
2664 0.2891832087
2665 0.2784801426
2666 0.2671080767
2667 0.2561666928
2668 0.2464476181
2669 0.2382585315
2670 0.2313370693
2671 0.2249462374
2672 0.2182294841
2673 0.2106768768
2674 0.2024988491
2675 0.1946407781
2676 0.1884494990
2677 0.1852270629
2678 0.1858814013
2679 0.1907597061
2680 0.1996791203
2681 0.2120628357
2682 0.2271324435
2683 0.2440447396
2684 0.2619609248
2685 0.2801120119
2686 0.2978351729
2687 0.3146540825
2688 0.3303593903
2689 0.3450352447
2690 0.3590163963
2691 0.3727845005
2692 0.3868155412
2693 0.4014353119
2694 0.4167277597
2695 0.4324806741
2696 0.4482319118
2697 0.4633933977
2698 0.4773999992
2699 0.4898013608
2700 0.5002314262
2701 0.5084100262
2702 0.5142313085
2703 0.5178935579
2704 0.5199746892
2705 0.5212759689
2706 0.5225460832
2707 0.5242060884
2708 0.5262100786
2709 0.5280517676
2710 0.5288392416
2711 0.5274675682
2712 0.5228288204
2713 0.5140305254
2714 0.5005856390
2715 0.4824911364
2716 0.4602355703
2717 0.4346954825
2718 0.4069603205
2719 0.3781257080
2720 0.3491224728
2721 0.3205744310
2722 0.2927419343
2723 0.2656024873
2724 0.2390823379
2725 0.2133788866
2726 0.1891854226
2727 0.1676471116
2728 0.1500723105
2729 0.1375397603
2730 0.1306554031
2731 0.1294694558
2732 0.1335142054
2733 0.1419327118
2734 0.1536202106
2735 0.1673869331
2736 0.1821010674
2737 0.1968293812
2738 0.2109289757
2739 0.2240967830
2740 0.2363192100
2741 0.2477817713
2742 0.2587720563
2743 0.2695794897
2744 0.2803505410
2745 0.2909254962
2746 0.3006730667
2747 0.3084687170
2748 0.3128998409
2749 0.3126814961
2750 0.3072887683
2751 0.2971866755
2752 0.2836702300
2753 0.2683681241
2754 0.2527812917
2755 0.2379995095
2756 0.2246781875
2757 0.2130808370
2758 0.2031315266
2759 0.1944624419
2760 0.1866480013
2761 0.1796267426
2762 0.1741147855
2763 0.1715073307
2764 0.1732991801
2765 0.1805077753
2766 0.1934580484
2767 0.2118107267
2768 0.2346348439
2769 0.2603621064
2770 0.2866076332
2771 0.3100230163
2772 0.3265795740
2773 0.3325988837
2774 0.3262726871
2775 0.3085378235
2776 0.2824225429
2777 0.2516135179
2778 0.2193484911
2779 0.1880221447
2780 0.1592712686
2781 0.1342079961
2782 0.1136433090
2783 0.0982256675
2784 0.0884686422
2785 0.0846898527
2786 0.0868206789
2787 0.0941900848
2788 0.1054785836
2789 0.1190319356
2790 0.1335952062
2791 0.1488415711
2792 0.1650955661
2793 0.1822979171
2794 0.1990910053
2795 0.2127657186
2796 0.2203283051
2797 0.2202213914
2798 0.2134277999
2799 0.2030387122
2800 0.1928747059
2801 0.1863816861
2802 0.1861530704
2803 0.1938476685
2804 0.2102282063
2805 0.2351901731
2806 0.2677656619
2807 0.3061721989
2808 0.3480004953
2809 0.3906900428
2810 0.4318249538
2811 0.4692584857
2812 0.5010004182
2813 0.5251967321
2814 0.5400649029
2815 0.5439758103
2816 0.5356519142
2817 0.5145274809
2818 0.4812297392
2819 0.4378786337
2820 0.3878685032
2821 0.3351995563
2822 0.2837632697
2823 0.2368043917
2824 0.1964991711
2825 0.1636587896
2826 0.1379033228
2827 0.1189153865
2828 0.1076403465
2829 0.1057044977
2830 0.1136322762
2831 0.1297373080
2832 0.1504515361
2833 0.1717497046
2834 0.1905995871
2835 0.2054349627
2836 0.2156940088
2837 0.2212208541
2838 0.2219242473
2839 0.2177241155
2840 0.2086913856
2841 0.1952440598
2842 0.1782511551
2843 0.1589839265
2844 0.1389503345
2845 0.1197170328
2846 0.1027638218
2847 0.0894320585
2848 0.0808871569
2849 0.0780987192
2850 0.0818187488
2851 0.0925683171
2852 0.1105996889
2853 0.1358154453
2854 0.1676641929
2855 0.2050610214
2856 0.2463516092
2857 0.2893910098
2858 0.3317821226
2859 0.3712086855
2860 0.4058513233
2861 0.4346273990
2862 0.4572201373
2863 0.4738882800
2864 0.4851916733
2865 0.4917045130
2866 0.4937979870
2867 0.4915309851
2868 0.4846943062
2869 0.4730431979
2870 0.4565994884
2871 0.4358385812
2872 0.4117060310
2873 0.3854478808
2874 0.3584452843
2875 0.3320570899
2876 0.3075638670
2877 0.2861337787
2878 0.2688259857
2879 0.2565947654
2880 0.2502832676
2881 0.2505746366
2882 0.2579126765
2883 0.2723351189
2884 0.2933139639
2885 0.3196153096
2886 0.3493723928
2887 0.3802441786
2888 0.4099005716
2889 0.4364905271
2890 0.4588901594
2891 0.4766449126
2892 0.4896868743
2893 0.4981192283
2894 0.5021781184
2895 0.5022571725
2896 0.4988088477
2897 0.4923134213
2898 0.4833267189
2899 0.4724886653
2900 0.4604449442
2901 0.4476602767
2902 0.4342742802
2903 0.4200782683
2904 0.4046079805
2905 0.3873710126
2906 0.3681087918
2907 0.3469872406
2908 0.3246517934
2909 0.3021074370
2910 0.2805340978
2911 0.2610881300
2912 0.2447460865
2913 0.2321713659
2914 0.2235523842
2915 0.2185455804
2916 0.2163621454
2917 0.2159910092
2918 0.2162698094
2919 0.2156230670
2920 0.2120259057
2921 0.2037451584
2922 0.1906065378
2923 0.1744836184
2924 0.1583805532
2925 0.1450829094
2926 0.1364048616
2927 0.1330611398
2928 0.1348717572
2929 0.1410233147
2930 0.1502937643
2931 0.1612444764
2932 0.1723941186
2933 0.1823902243
2934 0.1901788143
2935 0.1951607337
2936 0.1972849443
2937 0.1970060077
2938 0.1951004127
2939 0.1924494704
2940 0.1898633218
2941 0.1879570266
2942 0.1870580631
2943 0.1871852188
2944 0.1881669509
2945 0.1898583671
2946 0.1923704375
2947 0.1961903230
2948 0.2021484570
2949 0.2112186792
2950 0.2241900582
2951 0.2413126516
2952 0.2619606635
2953 0.2843730109
2954 0.3055019914
2955 0.3211728513
2956 0.3268006296
2957 0.3187555125
2958 0.2960941302
2959 0.2614174106
2960 0.2200657649
2961 0.1781342446
2962 0.1407833898
2963 0.1114763255
2964 0.0919591302
2965 0.0825822194
2966 0.0827219366
2967 0.0912549678
2968 0.1069553557
2969 0.1286748393
2970 0.1552827789
2971 0.1854957994
2972 0.2177195160
2973 0.2499921599
2974 0.2800522298
2975 0.3055912937
2976 0.3246827919
2977 0.3362572670
2978 0.3403050853
2979 0.3376625125
2980 0.3294409306
2981 0.3165065265
2982 0.2992359755
2983 0.2776455136
2984 0.2518117609
2985 0.2223820727
2986 0.1909471565
2987 0.1600033365
2988 0.1323836329
2989 0.1105076645
2990 0.0958531427
2991 0.0888106510
2992 0.0887815147
2993 0.0943443971
2994 0.1034291550
2995 0.1135949586
2996 0.1225639364
2997 0.1288434698
2998 0.1320995548
2999 0.1330270904
3000 0.1328744090
3001 0.1329523090
3002 0.1343323329
3003 0.1376913986
3004 0.1432676884
3005 0.1508647299
3006 0.1598758529
3007 0.1693249076
3008 0.1779752694
3009 0.1844320981
3010 0.1873706959
3011 0.1858250300
3012 0.1794856261
3013 0.1688619469
3014 0.1552190467
3015 0.1402697026
3016 0.1258083142
3017 0.1134215776
3018 0.1043718639
3019 0.0996646915
3020 0.1001394959
3021 0.1064579378
3022 0.1188213881
3023 0.1366929481
3024 0.1587560868
3025 0.1832904014
3026 0.2086252969
3027 0.2333096924
3028 0.2560790205
3029 0.2758834417
3030 0.2921122906
3031 0.3048055800
3032 0.3145529583
3033 0.3221869405
3034 0.3283873135
3035 0.3335284893
3036 0.3377071087
3037 0.3408653703
3038 0.3429024261
3039 0.3437275507
3040 0.3432660480
3041 0.3414422938
3042 0.3381509708
3043 0.3332836648
3044 0.3267385272
3045 0.3184857556
3046 0.3085686733
3047 0.2970545174
3048 0.2839185843
3049 0.2689565968
3050 0.2518688644
3051 0.2325791309
3052 0.2116445350
3053 0.1904222356
3054 0.1707263516
3055 0.1540871625
3056 0.1411454636
3057 0.1315256716
3058 0.1242048184
3059 0.1181805387
3060 0.1130066420
3061 0.1088735477
3062 0.1063142062
3063 0.1059010687
3064 0.1081578735
3065 0.1136139951
3066 0.1227916764
3067 0.1360768906
3068 0.1535621244
3069 0.1749408974
3070 0.1995027361
3071 0.2262220197
3072 0.2538378596
3073 0.2809525791
3074 0.3061493755
3075 0.3280731174
3076 0.3455298274
3077 0.3575659073
3078 0.3635356390
3079 0.3631834416
3080 0.3566777062
3081 0.3446304781
3082 0.3280624424
3083 0.3082938021
3084 0.2867978365
3085 0.2650140046
3086 0.2442069247
3087 0.2253391112
3088 0.2089594635
3089 0.1951125711
3090 0.1832999871
3091 0.1726304832
3092 0.1622996063
3093 0.1522271440
3094 0.1433284153
3095 0.1371464986
3096 0.1351538491
3097 0.1382764125
3098 0.1467976186
3099 0.1604721235
3100 0.1786853105
3101 0.2005894133
3102 0.2252008259
3103 0.2514541971
3104 0.2782787710
3105 0.3046410292
3106 0.3295259181
3107 0.3518299546
3108 0.3703391979
3109 0.3840487547
3110 0.3927929271
3111 0.3976181072
3112 0.4003264319
3113 0.4025427175
3114 0.4050190378
3115 0.4073866860
3116 0.4084394850
3117 0.4066346358
3118 0.4006976803
3119 0.3900956371
3120 0.3752174285
3121 0.3571721939
3122 0.3373688678
3123 0.3171034271
3124 0.2972797657
3125 0.2783328432
3126 0.2603138187
3127 0.2431217282
3128 0.2267694695
3129 0.2115260079
3130 0.1978763990
3131 0.1862139676
3132 0.1764772227
3133 0.1678844297
3134 0.1591913262
3135 0.1496238747
3136 0.1399057441
3137 0.1323249969
3138 0.1296770657
3139 0.1341119497
3140 0.1465864083
3141 0.1668460842
3142 0.1936281195
3143 0.2248925604
3144 0.2580219457
3145 0.2900285041
3146 0.3179050206
3147 0.3392690125
3148 0.3530895064
3149 0.3600143464
3150 0.3619073931
3151 0.3609494222
3152 0.3588837691
3153 0.3566935318
3154 0.3546900351
3155 0.3527864582
3156 0.3508308184
3157 0.3488439393
3158 0.3471241706
3159 0.3462470741
3160 0.3469722820
3161 0.3501044833
3162 0.3563783133
3163 0.3663125184
3164 0.3800546163
3165 0.3972770605
3166 0.4171520891
3167 0.4385848320
3168 0.4606479839
3169 0.4831450215
3170 0.5068251939
3171 0.5329984524
3172 0.5627916784
3173 0.5967190978
3174 0.6343494901
3175 0.6743982880
3176 0.7149028883
3177 0.7534936201
3178 0.7876850544
3179 0.8152160012
3180 0.8342845942
3181 0.8436406623
3182 0.8427045106
3183 0.8316234016
3184 0.8112316225
3185 0.7830525337
3186 0.7490563652
3187 0.7114381414
3188 0.6723039047
3189 0.6334578121
3190 0.5962473514
3191 0.5614564799
3192 0.5293070816
3193 0.4995422457
3194 0.4716792714
3195 0.4452042113
3196 0.4198596360
3197 0.3958075372
3198 0.3736247870
3199 0.3541443957
3200 0.3381832867
3201 0.3262461702
3202 0.3183695853
3203 0.3140406454
3204 0.3122400674
3205 0.3114315618
3206 0.3095879016
3207 0.3044830371
3208 0.2942138521
3209 0.2778783944
3210 0.2559196263
3211 0.2298337242
3212 0.2015803205
3213 0.1730617248
3214 0.1458689622
3215 0.1212107882
3216 0.0999411096
3217 0.0826094675
3218 0.0695111650
3219 0.0607156716
3220 0.0560796476
3221 0.0552476296
3222 0.0576537830
3223 0.0625658589
3224 0.0691851737
3225 0.0768173205
3226 0.0850739736
3227 0.0940437164
3228 0.1042886265
3229 0.1166687830
3230 0.1320302736
3231 0.1508851903
3232 0.1732367000
3233 0.1985106557
3234 0.2256110044
3235 0.2530001798
3236 0.2788845101
3237 0.3014545610
3238 0.3191271461
3239 0.3308093594
3240 0.3360624288
3241 0.3351341885
3242 0.3288486689
3243 0.3184219573
3244 0.3052444179
3245 0.2906782265
3246 0.2759032582
3247 0.2618419063
3248 0.2491606504
3249 0.2383732827
3250 0.2299601245
3251 0.2244236505
3252 0.2222371734
3253 0.2236778397
3254 0.2286001516
3255 0.2362404400
3256 0.2451400545
3257 0.2533774460
3258 0.2590741988
3259 0.2610018279
3260 0.2590027190
3261 0.2539639031
3262 0.2474445508
3263 0.2411355681
3264 0.2362646771
3265 0.2331739858
3266 0.2312949723
3267 0.2295997309
3268 0.2273629745
3269 0.2246907378
3270 0.2223921214
3271 0.2214148997
3272 0.2224295518
3273 0.2257640187
3274 0.2314825295
3275 0.2395315826
3276 0.2498046145
3277 0.2621672721
3278 0.2764553921
3279 0.2924463066
3280 0.3098458986
3281 0.3282744889
3282 0.3472248011
3283 0.3660539973
3284 0.3840036315
3285 0.4001573274
3286 0.4135104604
3287 0.4231863942
3288 0.4286567926
3289 0.4299994463
3290 0.4279767206
3291 0.4238983924
3292 0.4192866759
3293 0.4155857052
3294 0.4138375650
3295 0.4145634800
3296 0.4177233158
3297 0.4227848469
3298 0.4289053445
3299 0.4351252716
3300 0.4405070566
3301 0.4442334674
3302 0.4456677615
3303 0.4443640698
3304 0.4400979911
3305 0.4328033105
3306 0.4225388057
3307 0.4094243145
3308 0.3936604243
3309 0.3755845118
3310 0.3557232630
3311 0.3348344330
3312 0.3138040990
3313 0.2935093810
3314 0.2746383319
3315 0.2576833538
3316 0.2429151357
3317 0.2305414682
3318 0.2208772973
3319 0.2143101689
3320 0.2111704434
3321 0.2116037593
3322 0.2154663690
3323 0.2223828968
3324 0.2318883956
3325 0.2437404089
3326 0.2580784959
3327 0.2753587917
3328 0.2960706993
3329 0.3204066559
3330 0.3480408335
3331 0.3781057078
3332 0.4094071554
3333 0.4407206151
3334 0.4710178573
3335 0.4995399650
3336 0.5257201210
3337 0.5490354379
3338 0.5687977204
3339 0.5840011982
3340 0.5932911671
3341 0.5951285557
3342 0.5880666254
3343 0.5710925648
3344 0.5439592348
3345 0.5073723857
3346 0.4629457931
3347 0.4129564600
3348 0.3599520252
3349 0.3064160735
3350 0.2546091624
3351 0.2064624349
3352 0.1635367928
3353 0.1270328381
3354 0.0977714304
3355 0.0761651927
3356 0.0621937421
3357 0.0554290199
3358 0.0551027857
3359 0.0602086977
3360 0.0696029402
3361 0.0821076346
3362 0.0966257119
3363 0.1122304772
3364 0.1281868541
3365 0.1438837459
3366 0.1587133773
3367 0.1720106039
3368 0.1830448187
3369 0.1911508224
3370 0.1959183355
3371 0.1973572439
3372 0.1959487653
3373 0.1925505166
3374 0.1881747923
3375 0.1837872022
3376 0.1800996633
3377 0.1774739236
3378 0.1759122152
3379 0.1751177384
3380 0.1746177499
3381 0.1739096545
3382 0.1726111882
3383 0.1705314973
3384 0.1676811760
3385 0.1642032051
3386 0.1603082645
3387 0.1562215650
3388 0.1521578364
3389 0.1483086229
3390 0.1448607881
3391 0.1420386239
3392 0.1402268079
3393 0.1400944102
3394 0.1426716367
3395 0.1492233165
3396 0.1609760460
3397 0.1787859876
3398 0.2029006418
3399 0.2329177356
3400 0.2678969875
3401 0.3066011810
3402 0.3477671537
3403 0.3902787788
3404 0.4332911106
3405 0.4761349796
3406 0.5182268147
3407 0.5588148677
3408 0.5966675036
3409 0.6298745601
3410 0.6560457599
3411 0.6731773402
3412 0.6809386370
3413 0.6810166580
3414 0.6761762618
3415 0.6689322787
3416 0.6608190605
3417 0.6523291708
3418 0.6430850268
3419 0.6322142519
3420 0.6188492785
3421 0.6025880213
3422 0.5836520707
3423 0.5626569300
3424 0.5402363482
3425 0.5167811177
3426 0.4925023522
3427 0.4676231218
3428 0.4425639605
3429 0.4180311314
3430 0.3950238696
3431 0.3747303442
3432 0.3583531715
3433 0.3468811692
3434 0.3408652404
3435 0.3402482648
3436 0.3442930489
3437 0.3515961106
3438 0.3601762482
3439 0.3676843022
3440 0.3717347187
3441 0.3703582669
3442 0.3624237739
3443 0.3478715688
3444 0.3277144113
3445 0.3038515813
3446 0.2787553956
3447 0.2551159084
3448 0.2354911309
3449 0.2219350927
3450 0.2157247686
3451 0.2171369057
3452 0.2253374594
3453 0.2385685704
3454 0.2547687592
3455 0.2724826396
3456 0.2914036186
3457 0.3121233144
3458 0.3352907063
3459 0.3609184979
3460 0.3881197316
3461 0.4153543877
3462 0.4410395042
3463 0.4639853025
3464 0.4836432957
3465 0.5000400394
3466 0.5135767752
3467 0.5248107783
3468 0.5342190775
3469 0.5420249245
3470 0.5480970695
3471 0.5520096606
3472 0.5531263510
3473 0.5507712989
3474 0.5443728987
3475 0.5335956309
3476 0.5184317129
3477 0.4992045561
3478 0.4765105227
3479 0.4511165979
3480 0.4238551619
3481 0.3955622907
3482 0.3670485085
3483 0.3391215215
3484 0.3125897707
3485 0.2882312548
3486 0.2666848593
3487 0.2482349331
3488 0.2326460010
3489 0.2190888208
3490 0.2064328005
3491 0.1938270173
3492 0.1812598517
3493 0.1696781245
3494 0.1605647184
3495 0.1552625104
3496 0.1544576575
3497 0.1580339559
3498 0.1651484707
3499 0.1744459396
3500 0.1843160952
3501 0.1931673007
3502 0.1996280296
3503 0.2027135840
3504 0.2018774874
3505 0.1970245307
3506 0.1884754475
3507 0.1769322014
3508 0.1634196417
3509 0.1491990666
3510 0.1356348064
3511 0.1239961589
3512 0.1152843380
3513 0.1100438721
3514 0.1082461378
3515 0.1092963463
3516 0.1122326268
3517 0.1160745814
3518 0.1201318459
3519 0.1241409526
3520 0.1281848360
3521 0.1325085259
3522 0.1373654506
3523 0.1429232641
3524 0.1492285972
3525 0.1562267235
3526 0.1637957931
3527 0.1718010043
3528 0.1801408485
3529 0.1887555393
3530 0.1976469924
3531 0.2068334684
3532 0.2163253204
3533 0.2260823376
3534 0.2360085936
3535 0.2459316599
3536 0.2556253969
3537 0.2648113800
3538 0.2731814215
3539 0.2803822084
3540 0.2860549603
3541 0.2898250367
3542 0.2913559704
3543 0.2903599067
3544 0.2866153049
3545 0.2799030968
3546 0.2699748936
3547 0.2566905592
3548 0.2403300566
3549 0.2218529657
3550 0.2027355979
3551 0.1844897846
3552 0.1681930798
3553 0.1543257495
3554 0.1428871577
3555 0.1336011844
3556 0.1260845313
3557 0.1199500834
3558 0.1148564300
3559 0.1105265919
3560 0.1067543572
3561 0.1033998342
3562 0.1003967048
3563 0.0977548257
3564 0.0955659111
3565 0.0939973985
3566 0.0932697084
3567 0.0936105358
3568 0.0952007097
3569 0.0981238250
3570 0.1023259097
3571 0.1075865596
3572 0.1135108225
3573 0.1195439288
3574 0.1250300159
3575 0.1293249401
3576 0.1319782466
3577 0.1329128669
3578 0.1325304091
3579 0.1316593830
3580 0.1313766489
3581 0.1327703053
3582 0.1367513379
3583 0.1439557481
3584 0.1547358945
3585 0.1692183689
3586 0.1873966170
3587 0.2092211977
3588 0.2345875416
3589 0.2633311836
3590 0.2951076379
3591 0.3293022178
3592 0.3650274041
3593 0.4011227858
3594 0.4361730181
3595 0.4685808446
3596 0.4966796776
3597 0.5188649627
3598 0.5338035927
3599 0.5405496369
3600 0.5386676728
3601 0.5283440968
3602 0.5102993211
3603 0.4857662838
3604 0.4564439777
3605 0.4244324772
3606 0.3921327153
3607 0.3619196929
3608 0.3357208195
3609 0.3147827327
3610 0.2998425484
3611 0.2913017416
3612 0.2890291661
3613 0.2921467894
3614 0.2990280610
3615 0.3075502834
3616 0.3153396374
3617 0.3201225255
3618 0.3200328452
3619 0.3139945447
3620 0.3019439741
3621 0.2848538087
3622 0.2645083867
3623 0.2431777224
3624 0.2232981388
3625 0.2071758511
3626 0.1967742571
3627 0.1935375998
3628 0.1982779061
3629 0.2111263842
3630 0.2315052137
3631 0.2581617433
3632 0.2891979942
3633 0.3221504920
3634 0.3542243964
3635 0.3827908745
3636 0.4060586591
3637 0.4235094072
3638 0.4357827119
3639 0.4441013586
3640 0.4496677689
3641 0.4533050825
3642 0.4553646250
3643 0.4557815068
3644 0.4542681049
3645 0.4504879294
3646 0.4441285278
3647 0.4349132543
3648 0.4224864454
3649 0.4063604742
3650 0.3859660899
3651 0.3609375258
3652 0.3315088752
3653 0.2988884648
3654 0.2653739114
3655 0.2341534914
3656 0.2086891315
3657 0.1918437537
3658 0.1849731873
3659 0.1873751010
3660 0.1968322935
3661 0.2114689107
3662 0.2312742178
3663 0.2572838428
3664 0.2895351730
3665 0.3260886267
3666 0.3638946663
3667 0.4004662120
3668 0.4348028664
3669 0.4669458014
3670 0.4969087163
3671 0.5239070285
3672 0.5461388100
3673 0.5611854002
3674 0.5669480868
3675 0.5627492377
3676 0.5498387959
3677 0.5308666474
3678 0.5088634041
3679 0.4864011898
3680 0.4652880441
3681 0.4466874112
3682 0.4313715784
3683 0.4199282570
3684 0.4127951562
3685 0.4101845931
3686 0.4119681499
3687 0.4175973096
3688 0.4260920735
3689 0.4361248494
3690 0.4462632381
3691 0.4553983830
3692 0.4632170232
3693 0.4704242269
3694 0.4783948237
3695 0.4881510710
3696 0.4989917580
3697 0.5074764968
3698 0.5078553765
3699 0.4945819229
3700 0.4655820423
3701 0.4237236734
3702 0.3753126071
3703 0.3272288560
3704 0.2847697951
3705 0.2508961526
3706 0.2264549904
3707 0.2108455584
3708 0.2026950424
3709 0.2004348330
3710 0.2026735960
3711 0.2083778689
3712 0.2168711241
3713 0.2277520681
3714 0.2407782486
3715 0.2557577174
3716 0.2724637652
3717 0.2905477768
3718 0.3094585547
3719 0.3283990592
3720 0.3463290272
3721 0.3620060678
3722 0.3741239383
3723 0.3814683102
3724 0.3832439001
3725 0.3792593669
3726 0.3700114109
3727 0.3566051714
3728 0.3405030209
3729 0.3232475920
3730 0.3062464262
3731 0.2906104065
3732 0.2770725244
3733 0.2659709015
3734 0.2572998571
3735 0.2507897389
3736 0.2459903618
3737 0.2422991133
3738 0.2389368706
3739 0.2349337120
3740 0.2292010817
3741 0.2207988522
3742 0.2092712021
3743 0.1949152962
3744 0.1787621041
3745 0.1622961308
3746 0.1470600832
3747 0.1343604723
3748 0.1250912963
3749 0.1196850321
3750 0.1181362989
3751 0.1200356749
3752 0.1246204979
3753 0.1308303960
3754 0.1373682483
3755 0.1428476493
3756 0.1461082374
3757 0.1466196801
3758 0.1447109434
3759 0.1414190288
3760 0.1380331707
3761 0.1356411922
3762 0.1348536344
3763 0.1357155227
3764 0.1377417007
3765 0.1400680272
3766 0.1416786450
3767 0.1416833057
3768 0.1395462129
3769 0.1351550149
3770 0.1287373447
3771 0.1207197332
3772 0.1117296202
3773 0.1027252129
3774 0.0950888883
3775 0.0904226877
3776 0.0901486178
3777 0.0951542773
3778 0.1056841655
3779 0.1214373340
3780 0.1417170070
3781 0.1655332972
3782 0.1916374006
3783 0.2184776781
3784 0.2441381439
3785 0.2663360926
3786 0.2825384801
3787 0.2903001468
3788 0.2879242162
3789 0.2752065646
3790 0.2538846695
3791 0.2273892536
3792 0.1998956411
3793 0.1752504638
3794 0.1561841428
3795 0.1440578044
3796 0.1389798233
3797 0.1402410376
3798 0.1468319748
3799 0.1578932057
3800 0.1728039984
3801 0.1909141634
3802 0.2111312464
3803 0.2316668410
3804 0.2500622391
3805 0.2635588566
3806 0.2697336037
3807 0.2671281292
3808 0.2555644668
3809 0.2360754338
3810 0.2105298135
3811 0.1812392519
3812 0.1506589294
3813 0.1211934784
3814 0.0950676381
3815 0.0742117352
3816 0.0601189942
3817 0.0536723194
3818 0.0550082620
3819 0.0635258306
3820 0.0781327367
3821 0.0976364341
3822 0.1210014683
3823 0.1473379189
3824 0.1756523962
3825 0.2047210627
3826 0.2330224645
3827 0.2589068584
3828 0.2808630259
3829 0.2978256891
3830 0.3092058305
3831 0.3148245292
3832 0.3147288098
3833 0.3090959955
3834 0.2982584493
3835 0.2827710006
3836 0.2634803818
3837 0.2415356114
3838 0.2183243629
3839 0.1953316550
3840 0.1739927104
3841 0.1555725542
3842 0.1411087124
3843 0.1313710757
3844 0.1268637977
3845 0.1278019053
3846 0.1340576582
3847 0.1451129264
3848 0.1600117579
3849 0.1773503126
3850 0.1952268200
3851 0.2112176811
3852 0.2225548848
3853 0.2266849925
3854 0.2221135573
3855 0.2091603327
3856 0.1900588603
3857 0.1682399855
3858 0.1472505808
3859 0.1299458641
3860 0.1182023372
3861 0.1130323504
3862 0.1147862896
3863 0.1232212815
3864 0.1374312982
3865 0.1557819227
3866 0.1759687673
3867 0.1953632268
3868 0.2118610200
3869 0.2250501808
3870 0.2368522312
3871 0.2508796452
3872 0.2708889239
3873 0.2994826523
3874 0.3375327115
3875 0.3841170371
3876 0.4367158218
3877 0.4915889798
3878 0.5443310475
3879 0.5905867563
3880 0.6266839584
3881 0.6501999089
3882 0.6600817211
3883 0.6565334455
3884 0.6407080893
3885 0.6144414872
3886 0.5800057890
3887 0.5400053192
3888 0.4973341547
3889 0.4551047769
3890 0.4164809026
3891 0.3843188046
3892 0.3606530274
3893 0.3461172967
3894 0.3395321835
3895 0.3380899658
3896 0.3383360380
3897 0.3373785076
3898 0.3335158919
3899 0.3262772322
3900 0.3160593848
3901 0.3034910970
3902 0.2890014910
3903 0.2730823241
3904 0.2569038525
3905 0.2424654931
3906 0.2319011271
3907 0.2266313089
3908 0.2269564795
3909 0.2321243892
3910 0.2406159298
3911 0.2505583281
3912 0.2600893197
3913 0.2676640305
3914 0.2721847683
3915 0.2729983765
3916 0.2698604438
3917 0.2629161524
3918 0.2527278251
3919 0.2402781414
3920 0.2269013797
3921 0.2141297955
3922 0.2034740220
3923 0.1961847240
3924 0.1930686843
3925 0.1943521651
3926 0.1996398146
3927 0.2079414752
3928 0.2177980329
3929 0.2275149615
3930 0.2354019333
3931 0.2400403990
3932 0.2404364663
3933 0.2361346207
3934 0.2273045152
3935 0.2148430466
3936 0.2003482434
3937 0.1858076975
3938 0.1730350759
3939 0.1631017833
3940 0.1560321470
3941 0.1508671978
3942 0.1460954630
3943 0.1402524962
3944 0.1324443519
3945 0.1225242683
3946 0.1109509163
3947 0.0984634622
3948 0.0858205231
3949 0.0736548181
3950 0.0624408135
3951 0.0525213372
3952 0.0441684630
3953 0.0376246905
3954 0.0331140243
3955 0.0307974359
3956 0.0307155172
3957 0.0327376174
3958 0.0366104931
3959 0.0420756269
3960 0.0489841981
3961 0.0573479606
3962 0.0672375849
3963 0.0786344283
3964 0.0912882220
3965 0.1046638152
3966 0.1179829648
3967 0.1303968249
3968 0.1411578737
3969 0.1498973430
3970 0.1566657553
3971 0.1618386934
3972 0.1659474704
3973 0.1694784653
3974 0.1727690436
3975 0.1759781791
3976 0.1791238799
3977 0.1821048137
3978 0.1847252077
3979 0.1867208029
3980 0.1877554725
3981 0.1874583958
3982 0.1855054293
3983 0.1816737400
3984 0.1758989015
3985 0.1682809519
3986 0.1590556455
3987 0.1485929699
3988 0.1374381004
3989 0.1262807278
3990 0.1157538064
3991 0.1061348314
3992 0.0971733958
3993 0.0882185099
3994 0.0786297896
3995 0.0683305726
3996 0.0582115781
3997 0.0501039966
3998 0.0462728755
3999 0.0487418758
4000 0.0588038184
4001 0.0768678092
4002 0.1026026313
4003 0.1352083238
4004 0.1736166472
4005 0.2165684972
4006 0.2625687550
4007 0.3098896173
4008 0.3566472738
4009 0.4009807982
4010 0.4412773532
4011 0.4763808954
4012 0.5056754208
4013 0.5291204554
4014 0.5471737785
4015 0.5606517192
4016 0.5705672872
4017 0.5780405756
4018 0.5841868616
4019 0.5899894707
4020 0.5962099683
4021 0.6033964756
4022 0.6118894589
4023 0.6218903905
4024 0.6334621911
4025 0.6465746288
4026 0.6610903918
4027 0.6767507116
4028 0.6931476027
4029 0.7097589542
4030 0.7259033302
4031 0.7407446112
4032 0.7533104904
4033 0.7624956434
4034 0.7671275540
4035 0.7660858651
4036 0.7584913446
4037 0.7439900284
4038 0.7229345159
4039 0.6963918847
4040 0.6660582785
4041 0.6340229334
4042 0.6024215571
4043 0.5732324102
4044 0.5480470753
4045 0.5279537525
4046 0.5136444843
4047 0.5054240987
4048 0.5032924319
4049 0.5068926919
4050 0.5154653584
4051 0.5278903459
4052 0.5427620506
4053 0.5584815064
4054 0.5733982254
4055 0.5859552708
4056 0.5948697548
4057 0.5992781467
4058 0.5988779598
4059 0.5939720684
4060 0.5854047414
4061 0.5744000691
4062 0.5623242476
4063 0.5504014631
4064 0.5394836285
4065 0.5299136658
4066 0.5215066317
4067 0.5136583286
4068 0.5055399513
4069 0.4963289095
4070 0.4854193126
4071 0.4725406089
4072 0.4577580292
4073 0.4414162850
4074 0.4239971996
4075 0.4059847743
4076 0.3877572321
4077 0.3695060189
4078 0.3512598550
4079 0.3329609081
4080 0.3146478551
4081 0.2966231767
4082 0.2795650993
4083 0.2645002410
4084 0.2526251849
4085 0.2450576409
4086 0.2426394856
4087 0.2457894091
4088 0.2544833421
4089 0.2683025911
4090 0.2864935656
4091 0.3080013870
4092 0.3314947117
4093 0.3554303749
4094 0.3781800418
4095 0.3982382011
4096 0.4144129480
4097 0.4259812893
4098 0.4327120885
4099 0.4347901180
4100 0.4326574548
4101 0.4268757441
4102 0.4180108191
4103 0.4065478094
4104 0.3928358759
4105 0.3771785037
4106 0.3600856911
4107 0.3424978580
4108 0.3257837099
4109 0.3113859648
4110 0.3003389348
4111 0.2929564474
4112 0.2888143606
4113 0.2870424199
4114 0.2866992244
4115 0.2870117734
4116 0.2874298379
4117 0.2875298413
4118 0.2869134575
4119 0.2851401681
4120 0.2817037039
4121 0.2760880564
4122 0.2678877615
4123 0.2570924702
4124 0.2444709119
4125 0.2318324234
4126 0.2217449594
4127 0.2167720713
4128 0.2186481602
4129 0.2278383065
4130 0.2434748731
4131 0.2635913797
4132 0.2854751498
4133 0.3060434273
4134 0.3223936818
4135 0.3321989597
4136 0.3340917968
4137 0.3277523341
4138 0.3138392225
4139 0.2937401883
4140 0.2692392957
4141 0.2421999985
4142 0.2142891768
4143 0.1867668272
4144 0.1603868361
4145 0.1354265398
4146 0.1119258502
4147 0.0902007636
4148 0.0714769695
4149 0.0580225214
4150 0.0524085045
4151 0.0563763543
4152 0.0701329496
4153 0.0923176058
4154 0.1204443297
4155 0.1514777870
4156 0.1823987580
4157 0.2106445424
4158 0.2343896980
4159 0.2526381832
4160 0.2651742741
4161 0.2723574797
4162 0.2748567171
4163 0.2733781372
4164 0.2684885554
4165 0.2606204807
4166 0.2502933836
4167 0.2383898854
4168 0.2262099884
4169 0.2152482457
4170 0.2068555530
4171 0.2020202436
4172 0.2013262177
4173 0.2049813441
4174 0.2128319681
4175 0.2242281722
4176 0.2380193752
4177 0.2527175023
4178 0.2668512281
4179 0.2792377665
4180 0.2891112473
4181 0.2960216186
4182 0.2997126262
4183 0.3000140452
4184 0.2967564897
4185 0.2897508362
4186 0.2788014416
4187 0.2637833114
4188 0.2447611682
4189 0.2221259152
4190 0.1967323656
4191 0.1700094391
4192 0.1439605440
4193 0.1209630795
4194 0.1032553964
4195 0.0921704430
4196 0.0874263452
4197 0.0870550301
4198 0.0884419172
4199 0.0900067766
4200 0.0920899230
4201 0.0963521349
4202 0.1044280350
4203 0.1169793956
4204 0.1333786125
4205 0.1518511968
4206 0.1698883047
4207 0.1849048341
4208 0.1950579859
4209 0.1998709223
4210 0.2003005131
4211 0.1982177285
4212 0.1956513770
4213 0.1941862966
4214 0.1947253120
4215 0.1975389853
4216 0.2024661502
4217 0.2091871534
4218 0.2174562003
4219 0.2271584764
4220 0.2381971013
4221 0.2503934618
4222 0.2633756398
4223 0.2764656015
4224 0.2885511446
4225 0.2980770497
4226 0.3032501760
4227 0.3024348203
4228 0.2945794959
4229 0.2796170421
4230 0.2586734870
4231 0.2338977987
4232 0.2080029306
4233 0.1837121056
4234 0.1632873806
4235 0.1482175102
4236 0.1390378737
4237 0.1353372078
4238 0.1359550590
4239 0.1393322563
4240 0.1439246676
4241 0.1484917806
4242 0.1522188744
4243 0.1546449717
4244 0.1556218465
4245 0.1553729162
4246 0.1545715686
4247 0.1542444891
4248 0.1555233949
4249 0.1593794347
4250 0.1664576380
4251 0.1770040669
4252 0.1908554212
4253 0.2074475580
4254 0.2258264051
4255 0.2446431415
4256 0.2622005109
4257 0.2765476019
4258 0.2856715110
4259 0.2877295488
4260 0.2813283928
4261 0.2658448491
4262 0.2417391447
4263 0.2107851348
4264 0.1760077294
4265 0.1411843443
4266 0.1100828151
4267 0.0857825944
4268 0.0702358051
4269 0.0640799880
4270 0.0664491419
4271 0.0747010415
4272 0.0845328668
4273 0.0918006437
4274 0.0957823913
4275 0.0996137750
4276 0.1070799179
4277 0.1201780797
4278 0.1388891785
4279 0.1617807676
4280 0.1865417702
4281 0.2104399631
4282 0.2306492564
4283 0.2446977693
4284 0.2507953973
4285 0.2481396280
4286 0.2370677442
4287 0.2189984507
4288 0.1961863676
4289 0.1713173031
4290 0.1470917015
4291 0.1259080434
4292 0.1097432221
4293 0.1000406352
4294 0.0976253385
4295 0.1025729884
4296 0.1140329461
4297 0.1301620712
4298 0.1483375199
4299 0.1656539505
4300 0.1795573344
4301 0.1883646421
4302 0.1914461591
4303 0.1891350341
4304 0.1825288466
4305 0.1732400558
4306 0.1631090387
4307 0.1538862117
4308 0.1469427650
4309 0.1430659421
4310 0.1424814056
4311 0.1450139523
4312 0.1503245443
4313 0.1579938866
4314 0.1673384453
4315 0.1772036945
4316 0.1859427621
4317 0.1916788381
4318 0.1926956238
4319 0.1878746875
4320 0.1770508213
4321 0.1612190084
4322 0.1424489983
4323 0.1236234704
4324 0.1080081500
4325 0.0987369035
4326 0.0982221002
4327 0.1074481117
4328 0.1252304980
4329 0.1478372029
4330 0.1701119067
4331 0.1882256240
4332 0.2014866462
4333 0.2112808324
4334 0.2192797916
4335 0.2265284113
4336 0.2332250571
4337 0.2387107600
4338 0.2417109942
4339 0.2409504563
4340 0.2360597458
4341 0.2281761478
4342 0.2195090453
4343 0.2120984603
4344 0.2069403993
4345 0.2037993591
4346 0.2015810155
4347 0.1989363870
4348 0.1948416637
4349 0.1889499885
4350 0.1816057840
4351 0.1735721796
4352 0.1656695326
4353 0.1585468727
4354 0.1526374521
4355 0.1482302560
4356 0.1455620508
4357 0.1449023549
4358 0.1465670472
4359 0.1508803875
4360 0.1581615502
4361 0.1688460267
4362 0.1837183400
4363 0.2038467808
4364 0.2300642436
4365 0.2624403082
4366 0.3001688574
4367 0.3417431145
4368 0.3850502648
4369 0.4270738297
4370 0.4633026214
4371 0.4877818515
4372 0.4956720226
4373 0.4875830430
4374 0.4698724196
4375 0.4497174376
4376 0.4312706085
4377 0.4155369286
4378 0.4017976581
4379 0.3890447563
4380 0.3767351190
4381 0.3648429499
4382 0.3535543206
4383 0.3430016112
4384 0.3331708069
4385 0.3239371700
4386 0.3151603969
4387 0.3067282222
4388 0.2986044967
4389 0.2908389821
4390 0.2835306349
4391 0.2768119901
4392 0.2708001035
4393 0.2655873277
4394 0.2612083308
4395 0.2576353140
4396 0.2547523363
4397 0.2523300387
4398 0.2500147689
4399 0.2473613169
4400 0.2439542977
4401 0.2396042028
4402 0.2345080144
4403 0.2292645902
4404 0.2247056559
4405 0.2216956253
4406 0.2210429988
4407 0.2235697661
4408 0.2300768523
4409 0.2409699957
4410 0.2557250830
4411 0.2726035803
4412 0.2888868486
4413 0.3015137669
4414 0.3078651005
4415 0.3064455090
4416 0.2971872430
4417 0.2813013120
4418 0.2608192657
4419 0.2381557530
4420 0.2157461468
4421 0.1958416047
4422 0.1803914626
4423 0.1709959132
4424 0.1688726105
4425 0.1748150632
4426 0.1891498506
4427 0.2116736010
4428 0.2416245721
4429 0.2777096454
4430 0.3182387446
4431 0.3612106833
4432 0.4045383019
4433 0.4461707440
4434 0.4842557143
4435 0.5172490464
4436 0.5439742725
4437 0.5636405912
4438 0.5757770716
4439 0.5801915244
4440 0.5769539158
4441 0.5663722591
4442 0.5490061646
4443 0.5257717809
4444 0.4978050032
4445 0.4664389621
4446 0.4330555671
4447 0.3989792368
4448 0.3653883592
4449 0.3332101631
4450 0.3031926358
4451 0.2760341941
4452 0.2527851648
4453 0.2352941638
4454 0.2261413777
4455 0.2277879263
4456 0.2416106365
4457 0.2674278015
4458 0.3036030960
4459 0.3474887206
4460 0.3959741855
4461 0.4459206810
4462 0.4944179358
4463 0.5387863799
4464 0.5766151188
4465 0.6057950543
4466 0.6246432157
4467 0.6320608674
4468 0.6276247554
4469 0.6116646297
4470 0.5852672158
4471 0.5502009034
4472 0.5087829343
4473 0.4636293783
4474 0.4173893342
4475 0.3725707261
4476 0.3314228872
4477 0.2958980064
4478 0.2675677412
4479 0.2474160634
4480 0.2356610256
4481 0.2316915984
4482 0.2341679245
4483 0.2412212496
4484 0.2506908105
4485 0.2603868464
4486 0.2683287475
4487 0.2729594662
4488 0.2733453978
4489 0.2692299533
4490 0.2610067738
4491 0.2496347256
4492 0.2365092528
4493 0.2233489094
4494 0.2120749262
4495 0.2046144435
4496 0.2025598624
4497 0.2066486297
4498 0.2161761451
4499 0.2285160635
4500 0.2395528227
4501 0.2454924485
4502 0.2450885394
4503 0.2398887729
4504 0.2325732612
4505 0.2253395130
4506 0.2193376961
4507 0.2147283416
4508 0.2108901646
4509 0.2067202727
4510 0.2010481225
4511 0.1931840500
4512 0.1833532100
4513 0.1728049569
4514 0.1635103963
4515 0.1575803996
4516 0.1567280300
4517 0.1618981679
4518 0.1730770839
4519 0.1893107596
4520 0.2089148098
4521 0.2298186663
4522 0.2499274767
4523 0.2675295957
4524 0.2815767835
4525 0.2918735801
4526 0.2990632218
4527 0.3043639574
4528 0.3090931347
4529 0.3141579782
4530 0.3195483942
4531 0.3239247365
4532 0.3245834869
4533 0.3185352069
4534 0.3046987130
4535 0.2853964860
4536 0.2652245363
4537 0.2482800532
4538 0.2363561533
4539 0.2288505026
4540 0.2240435948
4541 0.2207345108
4542 0.2189582072
4543 0.2194186709
4544 0.2225703264
4545 0.2281696040
4546 0.2353130127
4547 0.2426989567
4548 0.2489293129
4549 0.2528423875
4550 0.2538246802
4551 0.2520605831
4552 0.2485654159
4553 0.2449287683
4554 0.2428877849
4555 0.2438777049
4556 0.2487014437
4557 0.2573741394
4558 0.2690800570
4559 0.2822376444
4560 0.2947502225
4561 0.3045075563
4562 0.3100511661
4563 0.3110281893
4564 0.3080083686
4565 0.3018908220
4566 0.2934276229
4567 0.2832896799
4568 0.2723956802
4569 0.2620349026
4570 0.2536012265
4571 0.2481192560
4572 0.2460411544
4573 0.2472253679
4574 0.2511092731
4575 0.2568834314
4576 0.2636416744
4577 0.2705438953
4578 0.2769553398
4579 0.2825323101
4580 0.2872609008
4581 0.2914158292
4582 0.2954686862
4583 0.2999729691
4584 0.3054452209
4585 0.3122801695
4586 0.3206636938
4587 0.3305128327
4588 0.3414385974
4589 0.3527618218
4590 0.3635649089
4591 0.3728204179
4592 0.3795428549
4593 0.3829943959
4594 0.3828982383
4595 0.3795899287
4596 0.3739866548
4597 0.3673564321
4598 0.3609730238
4599 0.3558626360
4600 0.3527300891
4601 0.3520325881
4602 0.3541024319
4603 0.3591743393
4604 0.3673195758
4605 0.3783784747
4606 0.3919673759
4607 0.4075195025
4608 0.4243287028
4609 0.4415690190
4610 0.4582942008
4611 0.4733998065
4612 0.4856321834
4613 0.4936327710
4614 0.4961318031
4615 0.4922120497
4616 0.4815894757
4617 0.4647649932
4618 0.4429242994
4619 0.4176650420
4620 0.3906706854
4621 0.3634619033
4622 0.3372658516
4623 0.3129438692
4624 0.2909879332
4625 0.2715490015
4626 0.2545381111
4627 0.2397623464
4628 0.2270650697
4629 0.2164428963
4630 0.2080694838
4631 0.2022114892
4632 0.1990863107
4633 0.1987036318
4634 0.2007578256
4635 0.2045770087
4636 0.2091707068
4637 0.2133341769
4638 0.2158610446
4639 0.2157814718
4640 0.2125896020
4641 0.2063119523
4642 0.1974106118
4643 0.1865991914
4644 0.1746543398
4645 0.1623013046
4646 0.1501792562
4647 0.1388663984
4648 0.1289205082
4649 0.1208822161
4650 0.1152192329
4651 0.1122561964
4652 0.1121036865
4653 0.1146455252
4654 0.1196043607
4655 0.1266250024
4656 0.1352954081
4657 0.1451029583
4658 0.1553754648
4659 0.1652471276
4660 0.1737363989
4661 0.1798926642
4662 0.1829731682
4663 0.1825696595
4664 0.1786566388
4665 0.1715436027
4666 0.1617561922
4667 0.1499094570
4668 0.1366051380
4669 0.1224910972
4670 0.1084616662
4671 0.0958499927
4672 0.0863221788
4673 0.0814216795
4674 0.0820820251
4675 0.0883843232
4676 0.0995837221
4677 0.1142905412
4678 0.1308180467
4679 0.1478849100
4680 0.1654335021
4681 0.1848214694
4682 0.2079963472
4683 0.2364786602
4684 0.2708368851
4685 0.3105813470
4686 0.3542369704
4687 0.3995278064
4688 0.4436728936
4689 0.4837497490
4690 0.5170995786
4691 0.5416983987
4692 0.5563939831
4693 0.5609876453
4694 0.5561357369
4695 0.5431595820
4696 0.5238501825
4697 0.5002417751
4698 0.4743772554
4699 0.4481312160
4700 0.4230594225
4701 0.4002902863
4702 0.3804753762
4703 0.3638121123
4704 0.3501236165
4705 0.3389609688
4706 0.3296808409
4707 0.3214697030
4708 0.3133736905
4709 0.3043817009
4710 0.2935473587
4711 0.2801388364
4712 0.2637990894
4713 0.2446673315
4714 0.2234042385
4715 0.2010811930
4716 0.1789922712
4717 0.1584165913
4718 0.1404837609
4719 0.1261202392
4720 0.1160137185
4721 0.1106170370
4722 0.1101694663
4723 0.1147252539
4724 0.1241410429
4725 0.1380591041
4726 0.1558989252
4727 0.1768922145
4728 0.2002105441
4729 0.2250595997
4730 0.2507105134
4731 0.2764560175
4732 0.3015325701
4733 0.3249947720
4734 0.3457217434
4735 0.3625570900
4736 0.3746078399
4737 0.3814352919
4738 0.3831523908
4739 0.3803357271
4740 0.3739752135
4741 0.3654977312
4742 0.3567737668
4743 0.3498693612
4744 0.3465468374
4745 0.3477988327
4746 0.3537442107
4747 0.3638292550
4748 0.3771754252
4749 0.3927598198
4750 0.4093165524
4751 0.4251975746
4752 0.4384742368
4753 0.4471777815
4754 0.4496568173
4755 0.4448184189
4756 0.4322712645
4757 0.4124065272
4758 0.3864069469
4759 0.3561170189
4760 0.3238109726
4761 0.2918131926
4762 0.2620982482
4763 0.2359078935
4764 0.2135933272
4765 0.1947627913
4766 0.1787577957
4767 0.1651874822
4768 0.1542322877
4769 0.1465411452
4770 0.1428489985
4771 0.1436078438
4772 0.1487811075
4773 0.1577579383
4774 0.1693980487
4775 0.1821904457
4776 0.1945609660
4777 0.2052270305
4778 0.2135123492
4779 0.2194833166
4780 0.2237835454
4781 0.2273394568
4782 0.2309738249
4783 0.2352859748
4784 0.2409060884
4785 0.2488078160
4786 0.2600060077
4787 0.2748611030
4788 0.2926164018
4789 0.3117096013
4790 0.3302814922
4791 0.3466698341
4792 0.3596743500
4793 0.3686432523
4794 0.3734409565
4795 0.3742911925
4796 0.3715841649
4797 0.3657257594
4798 0.3570421847
4799 0.3457250130
4800 0.3318688047
4801 0.3155320948
4802 0.2967927641
4803 0.2757515171
4804 0.2525634567
4805 0.2276039241
4806 0.2017857967
4807 0.1767865335
4808 0.1548716067
4809 0.1383241633
4810 0.1288689657
4811 0.1273408555
4812 0.1336445975
4813 0.1468974207
4814 0.1656436847
4815 0.1879847958
4816 0.2116710160
4817 0.2341462339
4818 0.2526670686
4819 0.2645808328
4820 0.2678364079
4821 0.2616532618
4822 0.2469914310
4823 0.2263985669
4824 0.2033095008
4825 0.1811951362
4826 0.1629352337
4827 0.1504267511
4828 0.1443702913
4829 0.1441379816
4830 0.1478600532
4831 0.1528959735
4832 0.1567415287
4833 0.1579216386
4834 0.1562345805
4835 0.1523047046
4836 0.1469578761
4837 0.1408608036
4838 0.1344058555
4839 0.1277610723
4840 0.1210018007
4841 0.1142859818
4842 0.1080038469
4843 0.1028183898
4844 0.0995698638
4845 0.0991122556
4846 0.1021310170
4847 0.1090060178
4848 0.1197468183
4849 0.1339889432
4850 0.1510554181
4851 0.1700474041
4852 0.1899644053
4853 0.2098058417
4854 0.2286721426
4855 0.2458526575
4856 0.2608053373
4857 0.2731289354
4858 0.2824555728
4859 0.2883993739
4860 0.2904644641
4861 0.2881268184
4862 0.2809239868
4863 0.2687369505
4864 0.2519724082
4865 0.2316585339
4866 0.2093176864
4867 0.1867240719
4868 0.1656251693
4869 0.1475323434
4870 0.1335879596
4871 0.1244630255
4872 0.1202888312
4873 0.1206506367
4874 0.1246289382
4875 0.1309436252
4876 0.1381520414
4877 0.1449047371
4878 0.1501562336
4879 0.1532685727
4880 0.1540175358
4881 0.1525226154
4882 0.1491475626
4883 0.1443709412
4884 0.1387043029
4885 0.1326207748
4886 0.1265223981
4887 0.1207164875
4888 0.1154306649
4889 0.1107907896
4890 0.1068494011
4891 0.1036099019
4892 0.1010585803
4893 0.0991979324
4894 0.0980637912
4895 0.0977260010
4896 0.0982671518
4897 0.0997563457
4898 0.1022218455
4899 0.1056344496
4900 0.1099400428
4901 0.1151212611
4902 0.1212368174
4903 0.1283751802
4904 0.1365912059
4905 0.1458411131
4906 0.1559930982
4907 0.1669082120
4908 0.1784612917
4909 0.1905797510
4910 0.2031902958
4911 0.2161598487
4912 0.2292086299
4913 0.2418999145
4914 0.2536503656
4915 0.2637796313
4916 0.2715895284
4917 0.2764896472
4918 0.2780211692
4919 0.2759127932
4920 0.2701152842
4921 0.2607785724
4922 0.2482775942
4923 0.2331873768
4924 0.2162525791
4925 0.1983593951
4926 0.1804451229
4927 0.1633892028
4928 0.1478989908
4929 0.1344219492
4930 0.1231405589
4931 0.1140766988
4932 0.1072424148
4933 0.1027299331
4934 0.1006531918
4935 0.1009817643
4936 0.1034785126
4937 0.1078231779
4938 0.1139375195
4939 0.1222376769
4940 0.1335580047
4941 0.1487598985
4942 0.1683232573
4943 0.1921656505
4944 0.2196993184
4945 0.2499634455
4946 0.2817993996
4947 0.3139769554
4948 0.3452029097
4949 0.3742303547
4950 0.3998780828
4951 0.4210360029
4952 0.4367071453
4953 0.4460629981
4954 0.4484994224
4955 0.4437367190
4956 0.4319496624
4957 0.4138174004
4958 0.3905042842
4959 0.3635316163
4960 0.3345625826
4961 0.3052450640
4962 0.2770169748
4963 0.2510864057
4964 0.2284092594
4965 0.2097211113
4966 0.1955140834
4967 0.1859638196
4968 0.1808245927
4969 0.1793465483
4970 0.1804121138
4971 0.1829131783
4972 0.1861729423
4973 0.1900647626
4974 0.1946971264
4975 0.1999507207
4976 0.2053488393
4977 0.2104270377
4978 0.2153195139
4979 0.2210363098
4980 0.2291753702
4981 0.2412920701
4982 0.2583825624
4983 0.2806732522
4984 0.3076116891
4985 0.3379475839
4986 0.3698450389
4987 0.4010245331
4988 0.4290138574
4989 0.4514425467
4990 0.4663785541
4991 0.4724963254
4992 0.4691501165
4993 0.4564441185
4994 0.4353564742
4995 0.4078557828
4996 0.3768176084
4997 0.3456870802
4998 0.3179336003
4999 0.2964748378
