# t MSD MSD_a MSD_b MSD_c MSCD
1000 0.8689721857421654 0.4416225686071442 0.24600905825936337 0.18134055887566033 1.2369104464153082
1044 0.8834778106217244 0.4439129265708909 0.2526650209389829 0.1868998631118455 1.2034327743190323
1088 0.8955166797064491 0.4471710466124521 0.25807317048565 0.1902724626083448 1.215667787987581
1132 0.9156749396014843 0.4575335529254517 0.2649614518541255 0.1931799348219171 1.2580006224816176
1176 0.9226871509156218 0.4588057717604509 0.27044899601568245 0.1934323831394893 1.2337718209117523
1220 0.9454701665513425 0.46877008349831834 0.2792168838896476 0.19748319916338103 1.2476849006854311
1264 0.9585875222236934 0.47544892333275446 0.2851566239495096 0.19798197494142566 1.2295538495300973
1308 0.9533522773186767 0.46920162412453187 0.289875588783899 0.19427506441023593 1.1779120749823744
1352 0.9527992127830788 0.46519064836616864 0.29296767719913935 0.19464088721775658 1.157607459238842
1396 0.9640088172756152 0.4706653190587359 0.29749559165009437 0.19584790656678833 1.1554680274790528
1440 0.9703000866199063 0.4755524103720459 0.29816562365980653 0.19658205258804776 1.1486144729519778
1484 0.9854118665200008 0.4779894661098148 0.30521537366629764 0.20220702674388635 1.1084045256179047
1528 0.991196221940137 0.4779040544215579 0.3070408186298341 0.20625134888875069 1.090857783276111
1572 0.9982177829608067 0.4774411463790534 0.31287015609766766 0.20790648048407953 1.132035344519306
1616 1.0063350777574196 0.4806760048472074 0.3185949117491509 0.20706416116106316 1.1737802827510626
1660 1.0220296339324633 0.48725302535621523 0.3243674029571237 0.2104092056191289 1.208778310018454
1704 1.0376147347705347 0.4974195538327713 0.3317293958234127 0.20846578511435926 1.2277372627625627
1748 1.060229456616689 0.5083308793497497 0.34155260629598055 0.21034597097095448 1.3403198372794947
1792 1.0744404326501964 0.513188982326829 0.3484684727839714 0.2127829775393881 1.3320700226892868
1836 1.091765589146328 0.5215144277664255 0.3560652583737029 0.21418590300619814 1.276887654860563
1880 1.1162816428976419 0.532593306917766 0.36648867975362237 0.21719965622624982 1.3559292187686107
1924 1.1312631744717216 0.5389216146622972 0.3736870262977108 0.21865453351171574 1.3712850460401556
1968 1.1498214591303137 0.5456295075802313 0.3807463363836898 0.22344561516638917 1.4030220830131497
2012 1.1736457386395278 0.5586125904321436 0.389429514082963 0.22560363412442824 1.461515659885538
2056 1.1936368218555218 0.5689474460312286 0.3964544381443901 0.22823493767991082 1.5171919485039773
2100 1.2114193927056716 0.5762101150006156 0.4058127148322321 0.2293965628728378 1.5455059267938744
2144 1.21949349989434 0.5774222366639308 0.4111827309459476 0.23088853228446732 1.6086882337338706
2188 1.2368486601314845 0.5841577702962258 0.4178244241139415 0.23486646572131992 1.623218250599294
2232 1.2540355916291825 0.5921801930065665 0.4285029972432556 0.23335240137935875 1.5767129812880007
2276 1.264943146862192 0.5925982627616947 0.43528983035977215 0.23705505374072394 1.5454838565686453
2320 1.2835788988046184 0.5991923611081309 0.44517454553089675 0.23921199216558764 1.642709963625779
2364 1.3044830810596766 0.6064272429548924 0.45486110943668256 0.24319472866810798 1.7411771094907165
2408 1.3223037623048628 0.6123752047312817 0.4628304157243434 0.2470981418492439 1.7535010192106517
2452 1.3424572703347026 0.6246629420414644 0.4682126983558615 0.24958162993737223 1.7767607232473295
2496 1.3578215408269965 0.6310245685790027 0.47686398051851525 0.24993299172947805 1.8324656633711303
2540 1.367426250214875 0.6325688544896291 0.4841905342821166 0.2506668614431333 1.8997426050759285
2584 1.3937916254599845 0.643521488496921 0.4947254568783448 0.25554468008472725 1.9184184016952759
2628 1.4141571543476097 0.652368547040155 0.5045242369070341 0.25726437040041794 2.000678427444405
2672 1.4334303560395534 0.6604086943058353 0.5130995052648102 0.25992215646891087 1.9846619382157042
2716 1.4571523580978982 0.6697215164751885 0.5238572286833374 0.263573612939376 1.95748858885262
2760 1.4916793699519493 0.687403342660464 0.5359541156756363 0.26832191161585744 2.000458865870657
2804 1.510812064329081 0.6950095117793152 0.543715030420088 0.2720875221296653 2.033415105496112
2848 1.5309371838993306 0.7007287481095632 0.5549782780351836 0.2752301577545713 2.090734096181257
2892 1.5480303489187133 0.7096414381593895 0.562540860072555 0.2758480506867683 2.1121817452149396
2936 1.564433823400849 0.7167303961371563 0.5707515160858908 0.2769519111777951 2.1507133986193128
2980 1.5733466856773237 0.7170535995971188 0.5784235363335092 0.2778695497467064 2.1763128523430306
3024 1.581000957273674 0.7178272583451066 0.5834531922590528 0.27972050666951825 2.186166747781574
3068 1.5909722329422413 0.7207598661352664 0.5901487579710019 0.2800636088359652 2.175577542599297
3112 1.6005689980102369 0.7194658135738267 0.5999719428717546 0.2811312415646464 2.214723999444376
3156 1.6154709125646183 0.7273627063517664 0.6054144424170124 0.28269376379583344 2.2305399400219104
3200 1.649988538710299 0.7454902718242981 0.6174305829142714 0.28706768397172716 2.301867001353185
3244 1.6713124019053869 0.7543762502996723 0.6244636866764244 0.2924724649292813 2.3688226407500625
3288 1.7019341299109059 0.7652887250945861 0.6366882213891978 0.2999571834271161 2.3847478763352696
3332 1.7247732251268129 0.7795760579096815 0.6453472210420663 0.29984994617509875 2.45756096775221
3376 1.7530743284104948 0.7940128678564602 0.6552606591696377 0.3038008013843875 2.4942504271932697
3420 1.769778941101854 0.8016544318083407 0.6639552086607776 0.30416930063273434 2.543984924267331
3464 1.7925658431088105 0.8101902075625428 0.6732727637632476 0.3091028717830161 2.57458770829005
3508 1.8083497678516345 0.8142676928213304 0.6820625732554789 0.31201950177481796 2.52369796772687
3552 1.8294287931193371 0.8232630154155023 0.692021957563367 0.3141438201404807 2.5121755629400284
3596 1.856019681370587 0.8359358227906422 0.7028962072431467 0.3171876513367891 2.546547562089062
3640 1.8766575672647088 0.8445160729954995 0.713168741566359 0.3189727527028345 2.63245475603421
3684 1.901509564687522 0.8554960210881767 0.7237638023372952 0.32224974126205697 2.6775753825212183
3728 1.9347230359286804 0.8729692792771255 0.7341591569153769 0.3275945997361985 2.714937953358155
3772 1.9565097121597785 0.8782012422789522 0.7456101113577102 0.3326983585231218 2.6926096859948982
3816 1.9797919656863998 0.8919883475346757 0.7536827637079311 0.3341208544437886 2.7408585124948686
3860 2.00630948144022 0.9041440847698631 0.767350184302392 0.3348152123679795 2.8156780791114513
3904 2.0318175381954973 0.9175605381502766 0.7777090282714515 0.3365479717737714 2.84704513168635
3948 2.0497827329709866 0.9263486762292095 0.7873177404765459 0.33611631626525557 2.8875522115186505
3992 2.0744106109965523 0.9334329883466603 0.7979564782024977 0.34302114444739096 2.9914420730782734
4036 2.103712940922534 0.9525474161423502 0.8062820851939656 0.34488343958622053 3.1015678895007732
4080 2.1328386627719276 0.9629808497946769 0.8200843259479189 0.3497734870293357 3.182824227648269
4124 2.1517055364202426 0.9688191349109935 0.8299505874518018 0.35293581405744456 3.2604139433115757
4168 2.1755262851380284 0.9766682751980944 0.8434085256066656 0.3554494843332762 3.403682665847082
4212 2.1888353800784524 0.9807913141431576 0.8544104587536816 0.35363360718161335 3.4207757706270217
4256 2.2018239979629453 0.983071873755308 0.864199160680637 0.3545529635269967 3.3935028710266617
4300 2.2271818532736862 0.995126678226672 0.8738771997075833 0.35817797533939927 3.4768910331162246
4344 2.2438123889219805 1.002828762997849 0.880180616153641 0.36080300977048013 3.530850014998355
4388 2.276111475601372 1.0174940029827542 0.890756225404881 0.36786124721373237 3.5837423509543953
4432 2.2845459790505442 1.0195395395993039 0.8979675739609997 0.3670388654902275 3.612186259918805
4476 2.3065003008664737 1.030931266588789 0.9052083354764595 0.3703606988012078 3.6857582150497836
4520 2.3218016283668756 1.0368518142408902 0.9145475763187473 0.37040223780723136 3.644384462839103
4564 2.342182773136637 1.0466392403942657 0.9227381631199189 0.37280536962245775 3.625660802320943
4608 2.3527401490852267 1.0515444996881453 0.9291132143196 0.3720824350774848 3.667288697828199
4652 2.3625111273196264 1.0535772116147686 0.9335099508372098 0.37542396486767055 3.700502322304797
4696 2.3771308417746098 1.0599833780512544 0.940706344735568 0.37644111898778115 3.7365760845665874
4740 2.372274326676691 1.058612908832494 0.9425640933321738 0.3710973245120121 3.74014041925868
4784 2.391786398835599 1.0673713693450373 0.9508555371678221 0.37355949232273883 3.780189391680951
4828 2.4170643935982428 1.0823912288645088 0.9562045303337479 0.37846863439997996 3.88524097517969
4872 2.4403585069671747 1.09469299201569 0.9647083585249979 0.3809571564264643 4.009855114997494
4916 2.4607292080296586 1.1085963250601902 0.9696214518584302 0.3825114311110223 4.027695554090438
4960 2.478098786586754 1.114921575947936 0.977531460347112 0.38564575029170284 4.046067134450605
5004 2.4876406033511835 1.1180758717765962 0.9838174045093919 0.38574732706517734 4.029547592727268
5048 2.4996009402731003 1.1265483217627805 0.9871535488747714 0.3858990696355434 4.054054462718238
5092 2.523527327740894 1.1354034153188524 0.9917424343886537 0.39638147803339135 4.045805620592195
5136 2.542226445438768 1.1472445706221612 1.0023189518592601 0.392662922957353 4.048462427754058
5180 2.570728760960175 1.162572597369898 1.0076403668559393 0.40051579673432786 4.156485559595664
5224 2.590815060543508 1.1774875328610994 1.015587180083331 0.3977403475990776 4.157689178267087
5268 2.6126458179346264 1.1869002774606523 1.023843358507898 0.40190218196607713 4.189557777115364
5312 2.623561937281025 1.1920047338426667 1.0305886776847333 0.4009685257536255 4.194196918491749
5356 2.6418860216593267 1.199667066196209 1.0355017815866832 0.40671717387640244 4.289793544849192
5400 2.6719757838771114 1.2142731163627316 1.046153452016178 0.41154921549821527 4.252117187383761
5444 2.6990856534078826 1.2271636234281318 1.056685082211755 0.4152369477679897 4.318244107956606
5488 2.7243768135074533 1.2367340705602232 1.0683804943967248 0.4192622485504966 4.454925335439408
5532 2.7439835877255305 1.244119962525266 1.0798192302051965 0.4200443949950697 4.552684631323334
5576 2.7679504012883216 1.2560041761733771 1.0938862219629484 0.41806000315197733 4.63334660623184
5620 2.7865178075439836 1.2679838047714598 1.1010167148977636 0.4175172878747417 4.7404477979203605
5664 2.819148220093399 1.2834102492241963 1.1128945478980328 0.4228434229711927 4.892964389966624
5708 2.852384109021324 1.30279173979522 1.1244541627190687 0.42513820650703465 5.004471149002009
5752 2.8945780141592334 1.3272432999068355 1.133540493983723 0.4337942202686628 5.074531548530397
5796 2.915614354082453 1.3341234061809073 1.1438652360927135 0.43762571180883825 5.0752848739944865
5840 2.918720764378657 1.3335428719087417 1.150127781934083 0.43505011053583525 5.067885913348651
5884 2.9467403058592594 1.3475986736214502 1.1589677720419254 0.44017386019588695 5.1556382064644835
5928 2.962041121798992 1.3564936137192993 1.1656198951857393 0.43992761289396415 5.22265771705375
5972 2.96169800800328 1.3503013418634155 1.1704076173749078 0.4409890487649609 5.30323405119126
6016 2.9849265004848595 1.359719141256025 1.180235492519751 0.4449718667091151 5.3517041818591995
6060 3.00576008663447 1.3711635611569437 1.1849580598318494 0.44963846564569954 5.348735585361733
6104 3.0142227882607235 1.3721377923919735 1.1920217470233019 0.45006324884543514 5.3566790642562765
6148 3.019027835129017 1.3739526914028422 1.194572505398934 0.4505026383272291 5.38178597548227
6192 3.0379085193109248 1.3881425747360192 1.2002797392022173 0.4494862053726538 5.377080639669053
6236 3.0626209152879076 1.4032813461856262 1.2041163987023502 0.45522317039990823 5.383706285412198
6280 3.068936600438451 1.4043762492173684 1.2089246833580949 0.45563566786299303 5.411878003254708
6324 3.0723983352766915 1.4049998702407283 1.209387484817024 0.45801098021893366 5.448809615556888
6368 3.0872280507434913 1.4057754908089684 1.2191911127072197 0.4622614472273187 5.430138326036367
6412 3.0969326070494048 1.4109676592411065 1.2243295726213448 0.46163537518693243 5.432487706888487
6456 3.1104872131343964 1.415375849810376 1.2316818695150094 0.46342949380902404 5.447421025759713
6500 3.1163452283141027 1.4183466045655397 1.2378708331160522 0.4601277906325042 5.378367020802982
6544 3.1271580396659555 1.4184181432679372 1.2464307795534904 0.4623091168445271 5.337229400085624
6588 3.147602836246655 1.4252366753775736 1.2565100859331466 0.4658560749359254 5.255293566245789
6632 3.160024544213976 1.4294957954978165 1.2643467179433365 0.46618203077280757 5.280978799039403
6676 3.1670836588159714 1.4254368434696307 1.2717358117996493 0.46991100354668797 5.1915915931516
6720 3.188153610643681 1.4383699551052227 1.2785026937235378 0.4712809618149146 5.151555042986197
6764 3.2110761249499307 1.4557681973176133 1.2810676090473179 0.47424031858500887 5.230833720033692
6808 3.2269754290557633 1.4642854293281098 1.2832815228464136 0.47940847688122934 5.250485082417555
6852 3.220455545162548 1.459673504145818 1.2803458864036663 0.4804361546130428 5.274101077181102
6896 3.212432522416423 1.454083917133589 1.2814255090569662 0.47692309622587237 5.2648933674784875
6940 3.216125699672774 1.4565412937576963 1.2792313899169794 0.480353015998088 5.303714826767011
6984 3.225621576760692 1.466779575289533 1.282607914290927 0.4762340871802306 5.342304116801768
7028 3.2379751215050683 1.470215450011274 1.2892911219796432 0.47846854951414497 5.387172737423137
7072 3.243094097053498 1.4714883414380606 1.2916474679940892 0.47995828762134163 5.42725682118116
7116 3.2437128993504976 1.4648858171071735 1.2960145635604972 0.48281251868282127 5.46315244553225
7160 3.2552301248962987 1.4763500381453682 1.2965692720250894 0.48231081472583515 5.52851267751354
7204 3.2703550817188223 1.4815030214136782 1.2990352621552672 0.4898167981498684 5.5284119255669255
7248 3.273824708326001 1.489479582799054 1.2943616788035395 0.48998344672340954 5.495564380570483
7292 3.2735506214076557 1.4960474350597817 1.2931158572438297 0.48438732910403925 5.584444599987936
7336 3.2877828776870652 1.5019559027521687 1.2983101046786039 0.48751687025627133 5.583252337908612
7380 3.2983145092842503 1.509118366727714 1.3012250646834005 0.48797107787312327 5.563266253706624
7424 3.296854584719097 1.5029444948673676 1.3045571547596615 0.4893529350920967 5.5720869906519646
7468 3.294855609756531 1.500780417445014 1.3055587296293247 0.488516462682207 5.550221159090628
7512 3.304907274868073 1.5000099936922027 1.3111775908201022 0.4937196903557719 5.528468256717601
7556 3.320325055683531 1.508873324126118 1.3119245590914757 0.49952717246593065 5.574336673200966
7600 3.325519935363615 1.5113197964008358 1.315051371666967 0.49914876729581154 5.636443449875201
7644 3.3235185540295467 1.5090156656588942 1.3178482057543917 0.4966546826162679 5.680266861182779
7688 3.313338018120673 1.4933633175528995 1.3171889977566131 0.5027857028111565 5.769600755639497
7732 3.3052269673526973 1.4932777020711094 1.3144534023138075 0.4974958629677767 5.823285723034356
7776 3.3221182040391275 1.5092507672968225 1.3151571543828964 0.49771028235940296 5.814659845675197
7820 3.3486834357059627 1.5292513054183665 1.3216666675572168 0.4977654627304007 5.80291621264911
7864 3.366511333554776 1.5412870698141932 1.3228225165405951 0.5024017471999904 5.761887695909547
7908 3.375717593861599 1.5503196040580571 1.327363968285036 0.4980340215184956 5.785370252034181
7952 3.4139750830982822 1.5788567928154695 1.3263688896221881 0.5087494006606457 5.81943736896333
7996 3.4186323461385086 1.5843793277613067 1.3265707818068275 0.5076822365703759 5.886788481928755
8040 3.430000976908043 1.5937687336916124 1.3255860254525136 0.5106462177639259 5.810670655740555
8084 3.452640309813071 1.59968958073934 1.334058683884151 0.5188920451896056 5.611705006814829
8128 3.462346663772551 1.6164713020958819 1.3333925533170605 0.5124828083596074 5.614784464848448
8172 3.4692183536151124 1.6200598227384635 1.3371369519241403 0.5120215789525062 5.700077009261977
8216 3.4968086700229604 1.6353136518695153 1.34375421773952 0.5177408004139374 5.648084770587842
8260 3.5145126929283306 1.6462162102618862 1.351748121052065 0.516548361614385 5.698604500184228
8304 3.53328927755194 1.6520747126505437 1.3605858468574996 0.5206287180439011 5.606224593791479
8348 3.5482868563631698 1.6565320000726698 1.3630878202628096 0.5286670360276837 5.538237102958854
8392 3.5546297342202293 1.6610261435822735 1.370092298099985 0.5235112925379586 5.588613798337812
8436 3.5550643442066323 1.656666053648429 1.370533733536697 0.5278645570215248 5.643423888765805
8480 3.5506058666799487 1.649407085550812 1.3733048824989154 0.5278938986302224 5.714884184405391
8524 3.523375583725445 1.6230447608005716 1.367197980718157 0.5331328422067143 5.71397696919171
8568 3.527894247074018 1.6217462822369737 1.370903751089399 0.5352442137476349 5.736989648458333
8612 3.5311496743043107 1.6213881339169272 1.3690301711518824 0.5407313692355021 5.851437007857901
8656 3.5186715670146764 1.6131021887500556 1.3732839846678804 0.5322853935967473 5.962864320658197
8700 3.536438609466982 1.6147610051861938 1.3806686497764544 0.5410089545043235 6.094162186241097
8744 3.52980252818982 1.6213059556530056 1.3694047542069372 0.5390918183298857 6.1738922915639955
8788 3.5359700573717796 1.6343750604599419 1.3626396567358678 0.5389553401759624 6.204713391058633
8832 3.5524284352754103 1.6547664418284331 1.358977274764455 0.5386847186825204 6.254402981778459
8876 3.544845013207482 1.657331716774273 1.344069116639593 0.5434441797936227 6.255736876578893
8920 3.5432247111965594 1.6531823348626733 1.3413091754760715 0.5487332008578063 6.130457484495849
8964 3.5360363835703432 1.6436675293994756 1.343833647116834 0.5485352070540347 6.13242105151414
9008 3.5340446242201113 1.6486684117593962 1.34051615028546 0.5448600621752715 6.183140944050592
9052 3.545149207534299 1.6590152923694925 1.34910704101923 0.5370268741455669 6.34892595374267
9096 3.500837333769234 1.632796968813983 1.3497593394080432 0.5182810255472141 6.387453088433884
9140 3.4894678197223525 1.6245364688515145 1.3515249039243893 0.513406446946451 6.413391615423674
9184 3.4905289317789507 1.6356494870879663 1.346605603971216 0.508273840719775 6.433056177859153
9228 3.5024252132653286 1.6399965770394294 1.3460233190771225 0.516405317148776 6.705653239496036
9272 3.5266671598655606 1.6627180383785136 1.3546254036088254 0.5093237178782171 6.821708656042138
9316 3.5242506553681627 1.6558797897104574 1.3526107138802868 0.515760151777418 6.913052757618776
9360 3.5011972887705762 1.6383049790090998 1.3522036058274058 0.5106887039340748 7.063405668022982
9404 3.477992410978398 1.625966441891154 1.3439313034637397 0.5080946656235134 7.236039246752711
9448 3.4505878412715774 1.6200656080129305 1.3307434877043107 0.4997787455543355 7.4341428422232285
9492 3.4600096048700717 1.6345201687249267 1.325947562893709 0.4995418732514417 7.7507958745217325
9536 3.453296079420845 1.6535614895220627 1.321874489976729 0.4778600999220496 8.150883325303765
9580 3.401967526037004 1.6195650774581156 1.3088710454281167 0.4735314031507732 8.749046681793141
9624 3.4080332202512498 1.6375438193719625 1.292738376370696 0.47775102450859497 9.286582712882492
9668 3.3820360171011212 1.6207044431839095 1.2813734984617453 0.47995807545546765 9.617081615996488
9712 3.4217997027657234 1.6143422447832618 1.3154122854623715 0.492045172520094 9.752358601995082
9756 3.4184978724968955 1.6009843735675806 1.343563142008953 0.4739503569203676 9.914795842268603
9800 3.408285140486314 1.5301961631205507 1.3931122789189723 0.48497669844679087 9.65082059909381
9844 3.4095752063984905 1.5478469106746784 1.4191670425439118 0.4425612531798978 9.292091256606856
9888 3.323806176526122 1.5556652734834302 1.3134341655403827 0.45470673750231094 8.567903796952312
9932 3.0385111556229543 1.4724459083992532 1.1311320976376027 0.43493314958609747 7.518414985177994
9976 3.1999865106133116 1.607582734415706 1.1684364655359223 0.4239673106616835 8.863770293424459
